0.392397 	0.036124 	0.022759 	0.021648 	 0.002517 
0.406873 	0.022088 	0.012024 	0.017404 	 0.001952 
0.332066 	0.059562 	0.041417 	0.038512 	 0.002018 
0.319607 	0.068489 	0.046292 	0.043007 	 0.002600 
0.315125 	0.068028 	0.045365 	0.042672 	 0.002726 
0.290029 	0.076088 	0.052750 	0.045452 	 0.003349 
0.326831 	0.076222 	0.052927 	0.044593 	 0.003367 
0.318679 	0.080244 	0.051933 	0.057799 	 0.003806 
0.298971 	0.072822 	0.051462 	0.038866 	 0.002635 
0.328173 	0.066697 	0.045941 	0.042746 	 0.003618 
0.316617 	0.077013 	0.051599 	0.052687 	 0.003728 
0.336853 	0.080555 	0.055209 	0.049091 	 0.002801 
0.291528 	0.065645 	0.045552 	0.040122 	 0.002090 
0.296363 	0.094019 	0.065061 	0.051030 	 0.003266 
0.269395 	0.086118 	0.061303 	0.045122 	 0.003252 
0.295783 	0.078843 	0.055523 	0.044897 	 0.003192 
0.296788 	0.083680 	0.058185 	0.048975 	 0.003842 
0.300630 	0.108417 	0.075429 	0.059483 	 0.004897 
0.296329 	0.091718 	0.064126 	0.049235 	 0.003920 
0.294232 	0.101296 	0.070737 	0.057260 	 0.004307 
0.262463 	0.101773 	0.069674 	0.061292 	 0.004638 
0.302302 	0.092064 	0.064586 	0.054066 	 0.004632 
0.286372 	0.075092 	0.054371 	0.039790 	 0.001880 
0.303827 	0.095989 	0.066576 	0.057834 	 0.005011 
0.325103 	0.068773 	0.048209 	0.044142 	 0.003748 
0.307317 	0.076946 	0.054554 	0.044917 	 0.003669 
0.278064 	0.094613 	0.065956 	0.055630 	 0.004740 
0.271986 	0.086583 	0.060362 	0.049440 	 0.004308 
0.278596 	0.082474 	0.057708 	0.048295 	 0.004282 
0.266995 	0.114825 	0.078575 	0.065340 	 0.005410 
0.262781 	0.105955 	0.074843 	0.054269 	 0.005469 
0.260141 	0.082281 	0.057402 	0.050265 	 0.004582 
0.250961 	0.093525 	0.066084 	0.050264 	 0.004448 
0.306540 	0.079859 	0.053600 	0.057877 	 0.004629 
0.275310 	0.092084 	0.064798 	0.051538 	 0.003757 
0.294636 	0.100232 	0.067887 	0.065586 	 0.005519 
0.260069 	0.112280 	0.078433 	0.061617 	 0.006044 
0.282646 	0.093329 	0.063392 	0.058488 	 0.005793 
0.273940 	0.099308 	0.069500 	0.056059 	 0.005515 
0.248270 	0.118052 	0.083907 	0.060631 	 0.005438 
0.266512 	0.090465 	0.063861 	0.049914 	 0.004853 
0.275038 	0.106674 	0.073858 	0.061706 	 0.005385 
0.266304 	0.103227 	0.071056 	0.065643 	 0.006342 
0.281847 	0.112179 	0.075883 	0.072641 	 0.007010 
0.229916 	0.095401 	0.067080 	0.052173 	 0.005337 
0.281898 	0.097156 	0.068349 	0.057344 	 0.005695 
0.279298 	0.104966 	0.071558 	0.069599 	 0.006863 
0.268523 	0.111015 	0.076607 	0.066570 	 0.006240 
0.277574 	0.102587 	0.071375 	0.060253 	 0.005821 
0.288871 	0.112316 	0.077691 	0.066176 	 0.006287 
0.238961 	0.118902 	0.082043 	0.067337 	 0.006554 
0.261415 	0.096943 	0.068000 	0.057103 	 0.005690 
0.286987 	0.085283 	0.060334 	0.049965 	 0.005026 
0.292434 	0.114636 	0.079888 	0.063992 	 0.006864 
0.246271 	0.106552 	0.074611 	0.061984 	 0.006471 
0.253145 	0.121357 	0.085196 	0.063126 	 0.005989 
0.271491 	0.112624 	0.077963 	0.067691 	 0.006739 
0.251363 	0.102768 	0.071557 	0.061264 	 0.006211 
0.233425 	0.107697 	0.076483 	0.059743 	 0.005581 
0.254526 	0.114551 	0.078066 	0.069675 	 0.006863 
0.270761 	0.124363 	0.085527 	0.074252 	 0.007118 
0.245363 	0.129538 	0.089406 	0.071924 	 0.007317 
0.254343 	0.116339 	0.080819 	0.067485 	 0.007192 
0.242597 	0.115938 	0.081027 	0.067385 	 0.006761 
0.251513 	0.128377 	0.086646 	0.079625 	 0.007619 
0.215289 	0.125543 	0.086922 	0.073689 	 0.006950 
0.268821 	0.121063 	0.082292 	0.072028 	 0.007366 
0.270505 	0.103379 	0.071925 	0.060952 	 0.006733 
0.243026 	0.113102 	0.079981 	0.059552 	 0.006547 
0.236141 	0.112844 	0.077476 	0.070263 	 0.007289 
0.199590 	0.133655 	0.092325 	0.077574 	 0.008305 
0.179545 	0.137007 	0.095430 	0.072756 	 0.006939 
0.257497 	0.119901 	0.084078 	0.065943 	 0.007393 
0.242763 	0.101778 	0.070835 	0.061178 	 0.006213 
0.246196 	0.125083 	0.086634 	0.073785 	 0.007598 
0.231049 	0.119302 	0.083645 	0.064826 	 0.007227 
0.267588 	0.104570 	0.072421 	0.064949 	 0.007285 
0.267599 	0.111458 	0.075794 	0.070669 	 0.007383 
0.246818 	0.104803 	0.073982 	0.058116 	 0.006597 
0.210395 	0.136405 	0.093370 	0.077386 	 0.008645 
0.214820 	0.113512 	0.079080 	0.065053 	 0.006700 
0.231908 	0.119308 	0.080940 	0.075570 	 0.007724 
0.243169 	0.124858 	0.086665 	0.069944 	 0.007355 
0.232979 	0.120168 	0.082264 	0.074216 	 0.007883 
0.230092 	0.131796 	0.091086 	0.075782 	 0.007483 
0.238527 	0.123117 	0.085725 	0.072110 	 0.007370 
0.227144 	0.117409 	0.082496 	0.067051 	 0.007247 
0.227561 	0.115852 	0.081058 	0.061772 	 0.006766 
0.225536 	0.116161 	0.079298 	0.072699 	 0.007486 
0.234957 	0.116908 	0.081396 	0.065992 	 0.007332 
0.235485 	0.128311 	0.089071 	0.072556 	 0.007861 
0.233697 	0.118342 	0.080087 	0.072254 	 0.007351 
0.234281 	0.125502 	0.086128 	0.075514 	 0.008230 
0.240134 	0.117924 	0.081418 	0.073148 	 0.007116 
0.216302 	0.118020 	0.084360 	0.063410 	 0.007656 
0.225708 	0.115025 	0.082891 	0.059538 	 0.007424 
0.205711 	0.125750 	0.088369 	0.069405 	 0.007811 
0.195700 	0.137360 	0.095249 	0.076112 	 0.007904 
0.225047 	0.123766 	0.086824 	0.066583 	 0.007898 
0.256850 	0.103896 	0.073566 	0.058144 	 0.007504 
0.207209 	0.144831 	0.101164 	0.076621 	 0.008204 
0.216367 	0.136908 	0.095096 	0.076787 	 0.008725 
0.241465 	0.118727 	0.082529 	0.071581 	 0.007667 
0.251481 	0.129948 	0.089271 	0.076949 	 0.007974 
0.224600 	0.136565 	0.094598 	0.078008 	 0.007999 
0.220147 	0.118548 	0.082598 	0.067690 	 0.007242 
0.211429 	0.130626 	0.090930 	0.073426 	 0.007726 
0.242335 	0.120002 	0.083958 	0.068971 	 0.008197 
0.229896 	0.122558 	0.084195 	0.073408 	 0.008166 
0.231173 	0.124900 	0.086887 	0.071057 	 0.007602 
0.219341 	0.134069 	0.092622 	0.076189 	 0.008703 
0.241023 	0.124075 	0.084882 	0.073792 	 0.008489 
0.229487 	0.125980 	0.087091 	0.073098 	 0.008088 
0.244948 	0.135082 	0.093265 	0.078140 	 0.009418 
0.198277 	0.139365 	0.096537 	0.078021 	 0.008897 
0.225211 	0.120526 	0.084211 	0.069328 	 0.007803 
0.199624 	0.124358 	0.088330 	0.065433 	 0.007675 
0.197752 	0.130096 	0.091006 	0.073093 	 0.008533 
0.212620 	0.130093 	0.090650 	0.073261 	 0.008560 
0.238369 	0.135540 	0.092761 	0.082842 	 0.008951 
0.182308 	0.141959 	0.097599 	0.082213 	 0.008690 
0.202125 	0.123120 	0.086500 	0.069372 	 0.008135 
0.222440 	0.142058 	0.098500 	0.077917 	 0.008668 
0.226300 	0.122347 	0.085899 	0.068419 	 0.008538 
0.234163 	0.136499 	0.093398 	0.083223 	 0.008874 
0.198980 	0.150867 	0.101862 	0.090932 	 0.009537 
0.209594 	0.133599 	0.092121 	0.079413 	 0.008723 
0.199367 	0.139760 	0.095048 	0.084445 	 0.009279 
0.228752 	0.147833 	0.101780 	0.085228 	 0.009440 
0.244332 	0.126023 	0.087515 	0.071537 	 0.008679 
0.214810 	0.126794 	0.087554 	0.075787 	 0.008623 
0.212651 	0.113104 	0.078836 	0.067034 	 0.007961 
0.247894 	0.136124 	0.094871 	0.075639 	 0.009047 
0.222260 	0.141573 	0.098420 	0.079345 	 0.009075 
0.181320 	0.139093 	0.097284 	0.075594 	 0.008508 
0.184098 	0.134980 	0.094115 	0.075614 	 0.008966 
0.207718 	0.123803 	0.085751 	0.074108 	 0.007991 
0.181592 	0.129998 	0.092026 	0.070755 	 0.007980 
0.228229 	0.137061 	0.095202 	0.075043 	 0.008333 
0.218150 	0.154931 	0.107799 	0.083511 	 0.009328 
0.226470 	0.122323 	0.084613 	0.074192 	 0.008726 
0.243847 	0.124591 	0.085972 	0.075843 	 0.008988 
0.219375 	0.117399 	0.081411 	0.071633 	 0.008415 
0.181197 	0.135882 	0.093804 	0.079310 	 0.008990 
0.210949 	0.146153 	0.101430 	0.079241 	 0.009592 
0.194857 	0.144061 	0.099780 	0.078761 	 0.008190 
0.214261 	0.131876 	0.091882 	0.075425 	 0.008788 
0.204230 	0.127753 	0.089275 	0.069490 	 0.008571 
0.225047 	0.146254 	0.099342 	0.089921 	 0.010260 
0.184894 	0.149247 	0.103048 	0.083055 	 0.009866 
0.198753 	0.134000 	0.094851 	0.070347 	 0.009286 
0.223869 	0.134939 	0.094228 	0.073781 	 0.009320 
0.185398 	0.147245 	0.102542 	0.079310 	 0.008679 
0.183079 	0.150319 	0.104260 	0.082866 	 0.010040 
0.234489 	0.121822 	0.085434 	0.070250 	 0.009283 
0.196526 	0.157666 	0.108962 	0.089232 	 0.010297 
0.184903 	0.123878 	0.087608 	0.070068 	 0.008352 
0.217792 	0.129779 	0.092546 	0.067808 	 0.008883 
0.252197 	0.136626 	0.094199 	0.082014 	 0.009980 
0.221472 	0.131327 	0.091617 	0.075261 	 0.008928 
0.253425 	0.140022 	0.095263 	0.089811 	 0.010351 
0.216914 	0.133747 	0.094405 	0.075142 	 0.009438 
0.219667 	0.129796 	0.090748 	0.076372 	 0.009883 
0.211890 	0.141732 	0.099047 	0.080363 	 0.010094 
0.194822 	0.119530 	0.082162 	0.074487 	 0.008712 
0.244313 	0.125522 	0.087467 	0.071782 	 0.008574 
0.219145 	0.122728 	0.087360 	0.066546 	 0.008294 
0.207000 	0.132128 	0.092677 	0.075851 	 0.009111 
0.238336 	0.115469 	0.081271 	0.067531 	 0.008989 
0.238522 	0.124864 	0.085157 	0.080313 	 0.009449 
0.208147 	0.116282 	0.081515 	0.068361 	 0.008167 
0.194946 	0.149315 	0.104838 	0.079976 	 0.009840 
0.172292 	0.142984 	0.100609 	0.075926 	 0.009709 
0.222320 	0.139275 	0.097378 	0.076944 	 0.009338 
0.227402 	0.140011 	0.095750 	0.080863 	 0.008865 
0.234980 	0.138460 	0.096022 	0.080099 	 0.009707 
0.168374 	0.162007 	0.112033 	0.087320 	 0.010317 
0.220630 	0.139360 	0.096585 	0.079876 	 0.008999 
0.194510 	0.133706 	0.092795 	0.076369 	 0.009175 
0.219504 	0.126968 	0.088412 	0.072695 	 0.008477 
0.160158 	0.143739 	0.099217 	0.081244 	 0.009370 
0.221649 	0.138071 	0.095051 	0.081839 	 0.009562 
0.225742 	0.144347 	0.099058 	0.084667 	 0.010280 
0.184390 	0.136015 	0.094821 	0.077070 	 0.010091 
0.172196 	0.161524 	0.110925 	0.090284 	 0.010749 
0.220132 	0.155577 	0.105513 	0.093114 	 0.010379 
0.205317 	0.122375 	0.085241 	0.073590 	 0.008915 
0.262593 	0.136537 	0.093159 	0.080943 	 0.009860 
0.197871 	0.134622 	0.093439 	0.079115 	 0.009220 
0.175886 	0.149255 	0.104336 	0.077309 	 0.009224 
0.201578 	0.142112 	0.098285 	0.080617 	 0.009402 
0.172091 	0.163106 	0.111587 	0.091438 	 0.010099 
0.190229 	0.131422 	0.090843 	0.077799 	 0.009815 
0.254294 	0.140492 	0.095332 	0.088265 	 0.010175 
0.237153 	0.132075 	0.091148 	0.076260 	 0.008534 
0.184798 	0.126409 	0.088499 	0.068433 	 0.008505 
0.203970 	0.150139 	0.104576 	0.080984 	 0.009523 
0.204342 	0.133994 	0.091954 	0.077080 	 0.009402 
0.222974 	0.138399 	0.094428 	0.083502 	 0.009906 
0.225094 	0.135652 	0.092783 	0.080947 	 0.009402 
0.224381 	0.129556 	0.089083 	0.079495 	 0.009382 
0.172283 	0.142511 	0.098310 	0.080793 	 0.008900 
0.176620 	0.150860 	0.104453 	0.083449 	 0.009985 
0.225295 	0.135608 	0.093344 	0.079965 	 0.009643 
0.225734 	0.135412 	0.093430 	0.077196 	 0.009406 
0.206813 	0.132586 	0.092395 	0.078376 	 0.009856 
0.217308 	0.145909 	0.099929 	0.086205 	 0.010205 
0.172731 	0.143480 	0.097924 	0.083484 	 0.009139 
0.159843 	0.158924 	0.108985 	0.092022 	 0.010683 
0.181164 	0.162330 	0.109878 	0.093750 	 0.010595 
0.178572 	0.151066 	0.103500 	0.085907 	 0.010204 
0.222892 	0.126676 	0.087599 	0.073433 	 0.009174 
0.148958 	0.162769 	0.111960 	0.089781 	 0.009923 
0.228486 	0.145079 	0.099935 	0.082644 	 0.010225 
0.140932 	0.165663 	0.114444 	0.091459 	 0.010851 
0.212477 	0.151236 	0.103178 	0.088566 	 0.010813 
0.181039 	0.137830 	0.096835 	0.072480 	 0.008953 
0.179402 	0.138016 	0.095429 	0.081830 	 0.010393 
0.187429 	0.128207 	0.090508 	0.070477 	 0.009668 
0.165958 	0.157787 	0.109002 	0.086879 	 0.009710 
0.202624 	0.155134 	0.107028 	0.087028 	 0.010570 
0.200259 	0.141591 	0.098145 	0.083642 	 0.010350 
0.165736 	0.150357 	0.103903 	0.084885 	 0.010470 
0.181614 	0.127588 	0.088079 	0.075235 	 0.009469 
0.176177 	0.163197 	0.113345 	0.087460 	 0.010965 
0.192710 	0.145391 	0.100059 	0.082214 	 0.009705 
0.165624 	0.153369 	0.105478 	0.086738 	 0.010745 
0.179973 	0.142788 	0.099318 	0.077184 	 0.010437 
0.221373 	0.156782 	0.106156 	0.094757 	 0.010849 
0.174814 	0.153932 	0.106922 	0.083093 	 0.009552 
0.185338 	0.140638 	0.098707 	0.079372 	 0.010388 
0.188322 	0.157878 	0.108803 	0.088278 	 0.009981 
0.179931 	0.147076 	0.102576 	0.079282 	 0.009681 
0.189811 	0.143573 	0.098173 	0.083225 	 0.009976 
0.214284 	0.147897 	0.101603 	0.084355 	 0.009961 
0.166759 	0.153296 	0.105096 	0.088112 	 0.010617 
0.187184 	0.127697 	0.090617 	0.069619 	 0.009713 
0.157047 	0.150398 	0.105133 	0.082270 	 0.010467 
0.204643 	0.146262 	0.098797 	0.089383 	 0.010736 
0.198894 	0.154012 	0.106972 	0.082355 	 0.010055 
0.201581 	0.144953 	0.100716 	0.076145 	 0.009697 
0.196473 	0.169285 	0.116118 	0.091883 	 0.010786 
0.177357 	0.134669 	0.095187 	0.074549 	 0.009687 
0.196410 	0.135183 	0.095286 	0.073409 	 0.009152 
0.191320 	0.140259 	0.098375 	0.076985 	 0.009716 
0.174636 	0.150120 	0.104898 	0.082558 	 0.009978 
0.178370 	0.155674 	0.108640 	0.085055 	 0.010469 
0.183706 	0.141633 	0.100312 	0.072888 	 0.009196 
0.194091 	0.140028 	0.096491 	0.079539 	 0.009758 
0.168033 	0.166225 	0.114228 	0.092112 	 0.010947 
0.189916 	0.151979 	0.105173 	0.083804 	 0.010395 
0.162777 	0.166762 	0.115330 	0.088431 	 0.010976 
0.148893 	0.157438 	0.110041 	0.086093 	 0.010558 
0.200825 	0.144585 	0.100240 	0.081435 	 0.010540 
0.182377 	0.157965 	0.108492 	0.091372 	 0.010980 
0.191272 	0.156949 	0.108789 	0.085373 	 0.010154 
0.196485 	0.145626 	0.101154 	0.076488 	 0.009361 
0.212704 	0.133476 	0.092244 	0.078210 	 0.010140 
0.180459 	0.140015 	0.097151 	0.077106 	 0.009293 
0.153937 	0.147298 	0.103650 	0.076005 	 0.010672 
0.202140 	0.153841 	0.106040 	0.085554 	 0.009601 
0.152249 	0.156491 	0.108238 	0.085291 	 0.010990 
0.154816 	0.147885 	0.103322 	0.078415 	 0.009424 
0.191110 	0.141914 	0.099084 	0.077621 	 0.009871 
0.175821 	0.155829 	0.109219 	0.081022 	 0.009848 
0.199436 	0.161993 	0.111190 	0.093252 	 0.010936 
0.164912 	0.152144 	0.105819 	0.083712 	 0.010655 
0.207101 	0.143432 	0.098783 	0.085151 	 0.011090 
0.198542 	0.145283 	0.100398 	0.083556 	 0.010001 
0.176622 	0.131816 	0.092226 	0.075071 	 0.009259 
0.188957 	0.140632 	0.097894 	0.080074 	 0.010480 
0.179751 	0.151247 	0.104918 	0.079941 	 0.009961 
0.167189 	0.154953 	0.109180 	0.078180 	 0.010199 
0.192508 	0.144372 	0.101433 	0.078758 	 0.010478 
0.160815 	0.145705 	0.102683 	0.076442 	 0.010192 
0.164942 	0.152210 	0.105722 	0.087792 	 0.011130 
0.178158 	0.143035 	0.100100 	0.079974 	 0.009971 
0.178468 	0.163098 	0.112141 	0.090831 	 0.011451 
0.171585 	0.151964 	0.106723 	0.078478 	 0.010445 
0.217111 	0.141228 	0.098609 	0.076897 	 0.010826 
0.200035 	0.146944 	0.101548 	0.085240 	 0.010848 
0.131595 	0.138030 	0.097535 	0.074914 	 0.010263 
0.133557 	0.167304 	0.115810 	0.088321 	 0.010793 
0.145958 	0.161324 	0.112222 	0.088643 	 0.010614 
0.183397 	0.137580 	0.096113 	0.076688 	 0.010158 
0.147923 	0.140367 	0.098697 	0.074385 	 0.010490 
0.168614 	0.150173 	0.104883 	0.081076 	 0.010893 
0.141869 	0.177186 	0.122925 	0.093521 	 0.011292 
0.181846 	0.159618 	0.110137 	0.089378 	 0.011379 
0.155425 	0.157015 	0.107621 	0.089998 	 0.011715 
0.128888 	0.170147 	0.116439 	0.093557 	 0.011378 
0.156304 	0.150927 	0.106188 	0.077658 	 0.009625 
0.179782 	0.154079 	0.107462 	0.083643 	 0.011031 
0.156754 	0.160147 	0.111676 	0.086840 	 0.010972 
0.160905 	0.159935 	0.111900 	0.082882 	 0.011626 
0.194488 	0.138803 	0.096939 	0.076528 	 0.010102 
0.139288 	0.161821 	0.113632 	0.082411 	 0.010589 
0.154584 	0.157065 	0.109588 	0.083975 	 0.011419 
0.120877 	0.159895 	0.111101 	0.083074 	 0.011065 
0.154042 	0.163151 	0.113256 	0.087047 	 0.010926 
0.158363 	0.144291 	0.100662 	0.078998 	 0.010671 
0.187172 	0.159929 	0.110355 	0.090257 	 0.011596 
0.130348 	0.168866 	0.116095 	0.093951 	 0.011877 
0.118357 	0.147850 	0.103347 	0.081376 	 0.010760 
0.182038 	0.158963 	0.109514 	0.087163 	 0.011307 
0.132565 	0.175107 	0.119359 	0.098262 	 0.012263 
0.154662 	0.166136 	0.115326 	0.087793 	 0.011695 
0.163180 	0.167587 	0.116476 	0.089487 	 0.011567 
0.121715 	0.152859 	0.105469 	0.087899 	 0.011070 
0.171078 	0.168122 	0.115264 	0.094221 	 0.012858 
0.146201 	0.172708 	0.119128 	0.094501 	 0.012066 
0.101756 	0.167636 	0.117991 	0.083206 	 0.011056 
0.167821 	0.162249 	0.111698 	0.093535 	 0.011894 
0.125610 	0.174385 	0.121586 	0.091099 	 0.012206 
0.180594 	0.153236 	0.104803 	0.090018 	 0.011702 
0.160197 	0.164725 	0.113792 	0.090934 	 0.011514 
0.155822 	0.154915 	0.106555 	0.089186 	 0.012056 
0.164501 	0.155067 	0.107038 	0.087186 	 0.011791 
0.191188 	0.161585 	0.110606 	0.092268 	 0.013009 
0.146023 	0.157819 	0.109327 	0.089182 	 0.012010 
0.156627 	0.160678 	0.111701 	0.086740 	 0.012060 
0.158594 	0.170312 	0.116630 	0.097616 	 0.012182 
0.132167 	0.184685 	0.127033 	0.102365 	 0.012884 
0.145307 	0.177459 	0.124005 	0.089902 	 0.012739 
0.169670 	0.154366 	0.107564 	0.087226 	 0.012113 
0.169605 	0.167648 	0.113676 	0.098032 	 0.012628 
0.120981 	0.170754 	0.119513 	0.089798 	 0.012782 
0.158409 	0.157501 	0.109393 	0.085591 	 0.012765 
0.174243 	0.163518 	0.113356 	0.091702 	 0.012120 
0.125156 	0.159919 	0.112107 	0.085993 	 0.011937 
0.164334 	0.161480 	0.110969 	0.092697 	 0.011987 
0.114497 	0.154135 	0.107881 	0.085937 	 0.011541 
0.134648 	0.173734 	0.119589 	0.096261 	 0.012129 
0.144205 	0.164444 	0.113888 	0.092704 	 0.012972 
0.140526 	0.152082 	0.104276 	0.087182 	 0.011678 
0.171949 	0.175867 	0.121607 	0.097569 	 0.013121 
0.143802 	0.171860 	0.119374 	0.094218 	 0.012499 
0.142810 	0.160549 	0.112143 	0.085843 	 0.012513 
0.134851 	0.184155 	0.127278 	0.097452 	 0.013024 
0.136749 	0.173475 	0.118795 	0.097802 	 0.012868 
0.142647 	0.164766 	0.112790 	0.094460 	 0.011914 
0.154100 	0.166641 	0.114505 	0.097176 	 0.012708 
0.163325 	0.159714 	0.108411 	0.097996 	 0.012208 
0.142183 	0.184575 	0.126685 	0.102781 	 0.013259 
0.140107 	0.162396 	0.113242 	0.088710 	 0.012397 
0.124998 	0.162348 	0.112030 	0.091212 	 0.011528 
0.141628 	0.174520 	0.120940 	0.095369 	 0.013356 
0.129337 	0.172159 	0.120006 	0.086583 	 0.012069 
0.129059 	0.168039 	0.116413 	0.091636 	 0.012145 
0.177785 	0.152142 	0.106145 	0.082709 	 0.011817 
0.140484 	0.150064 	0.104826 	0.082287 	 0.012002 
0.160973 	0.164441 	0.114057 	0.088536 	 0.012276 
0.119520 	0.178239 	0.123498 	0.093753 	 0.012025 
0.179326 	0.156865 	0.107482 	0.087541 	 0.012017 
0.166158 	0.163461 	0.109436 	0.101831 	 0.012327 
0.133802 	0.170571 	0.116269 	0.101289 	 0.012591 
0.129846 	0.167352 	0.117145 	0.087693 	 0.012763 
0.134440 	0.153317 	0.107315 	0.082022 	 0.012261 
0.156776 	0.173463 	0.119921 	0.095795 	 0.012983 
0.142666 	0.179950 	0.124811 	0.096766 	 0.013968 
0.104319 	0.181419 	0.125694 	0.099680 	 0.013080 
0.119740 	0.173530 	0.121185 	0.091256 	 0.013344 
0.140291 	0.179169 	0.124504 	0.098736 	 0.013297 
0.140714 	0.162772 	0.112486 	0.090401 	 0.013175 
0.163983 	0.157828 	0.108257 	0.091169 	 0.012197 
0.158643 	0.173317 	0.120842 	0.091240 	 0.012362 
0.113908 	0.175406 	0.120590 	0.097797 	 0.013491 
0.096318 	0.168353 	0.115752 	0.093372 	 0.012821 
0.153513 	0.165358 	0.114187 	0.094142 	 0.012969 
0.168285 	0.162188 	0.109921 	0.100227 	 0.013408 
0.109867 	0.178557 	0.124237 	0.094217 	 0.013109 
0.117306 	0.199044 	0.136154 	0.110751 	 0.014563 
0.086209 	0.168962 	0.117902 	0.090298 	 0.012265 
0.161319 	0.161591 	0.111011 	0.093946 	 0.013464 
0.151907 	0.171456 	0.117419 	0.100200 	 0.013347 
0.170893 	0.175108 	0.120127 	0.098183 	 0.013141 
0.129095 	0.172209 	0.118929 	0.095821 	 0.012610 
0.179143 	0.179875 	0.124514 	0.100164 	 0.013295 
0.132450 	0.167564 	0.115998 	0.093926 	 0.012680 
0.137699 	0.168535 	0.115207 	0.094572 	 0.012526 
0.171637 	0.177556 	0.122585 	0.097921 	 0.013319 
0.132038 	0.185025 	0.126311 	0.105448 	 0.013483 
0.140783 	0.177315 	0.121884 	0.098881 	 0.013229 
0.094441 	0.180534 	0.124175 	0.100666 	 0.013651 
0.139102 	0.171462 	0.118589 	0.094969 	 0.013081 
0.131592 	0.182506 	0.126588 	0.098929 	 0.014223 
0.104968 	0.171877 	0.118151 	0.098474 	 0.013673 
0.156330 	0.172985 	0.118804 	0.097799 	 0.012902 
0.156661 	0.177745 	0.123425 	0.095954 	 0.013834 
0.139193 	0.173703 	0.121050 	0.094537 	 0.013270 
0.165841 	0.175597 	0.121418 	0.095716 	 0.013149 
0.139875 	0.191473 	0.130898 	0.105798 	 0.014536 
0.159809 	0.176512 	0.122962 	0.095390 	 0.013410 
0.133391 	0.162234 	0.112517 	0.089710 	 0.012522 
0.137180 	0.181354 	0.125487 	0.098901 	 0.014114 
0.177608 	0.178988 	0.124670 	0.095932 	 0.013369 
0.106910 	0.174485 	0.121577 	0.091472 	 0.012803 
0.136502 	0.178137 	0.121928 	0.102402 	 0.013626 
0.132980 	0.174981 	0.123589 	0.086882 	 0.012488 
0.146289 	0.170343 	0.117266 	0.093765 	 0.012902 
0.132291 	0.167332 	0.116195 	0.094244 	 0.013932 
0.121783 	0.181051 	0.124632 	0.099211 	 0.013641 
0.139641 	0.168414 	0.114414 	0.103735 	 0.014348 
0.113004 	0.177430 	0.122234 	0.098568 	 0.013518 
0.136794 	0.171198 	0.120546 	0.087991 	 0.013321 
0.136659 	0.171324 	0.120606 	0.088852 	 0.012778 
0.110224 	0.187701 	0.131302 	0.096176 	 0.014270 
0.108891 	0.172625 	0.119446 	0.092955 	 0.013387 
0.093463 	0.185636 	0.130459 	0.095602 	 0.013884 
0.076949 	0.184253 	0.128518 	0.097025 	 0.013210 
0.106777 	0.163910 	0.114239 	0.086250 	 0.012346 
0.187428 	0.181025 	0.125068 	0.102457 	 0.014727 
0.131863 	0.161468 	0.113091 	0.088555 	 0.012431 
0.123365 	0.178527 	0.124412 	0.092959 	 0.012941 
0.119993 	0.196490 	0.134994 	0.108122 	 0.014643 
0.119061 	0.158939 	0.112657 	0.079465 	 0.012161 
0.147877 	0.184170 	0.127026 	0.100445 	 0.014049 
0.136245 	0.151020 	0.106233 	0.080127 	 0.012466 
0.133602 	0.182793 	0.126922 	0.096651 	 0.013549 
0.135957 	0.167377 	0.115724 	0.094665 	 0.013391 
0.117486 	0.184225 	0.126781 	0.100409 	 0.013728 
0.130518 	0.188822 	0.128971 	0.109007 	 0.014825 
0.142735 	0.168884 	0.118099 	0.090325 	 0.013161 
0.126665 	0.158589 	0.111129 	0.085822 	 0.012679 
0.113524 	0.161355 	0.113115 	0.083129 	 0.012491 
0.102391 	0.176667 	0.123303 	0.092622 	 0.013034 
0.124624 	0.171983 	0.118788 	0.096812 	 0.013134 
0.135608 	0.181082 	0.127714 	0.091835 	 0.013498 
0.121746 	0.195908 	0.136223 	0.106618 	 0.014636 
0.199039 	0.151278 	0.106199 	0.082197 	 0.012775 
0.137941 	0.183399 	0.127454 	0.100592 	 0.013887 
0.109008 	0.172464 	0.120528 	0.092977 	 0.013358 
0.150165 	0.149841 	0.104509 	0.081332 	 0.012279 
0.147979 	0.159036 	0.111106 	0.088000 	 0.013081 
0.097057 	0.191980 	0.134094 	0.099394 	 0.013725 
0.142531 	0.174924 	0.121063 	0.095012 	 0.013444 
0.121550 	0.195220 	0.136015 	0.099422 	 0.013622 
0.129278 	0.178502 	0.124683 	0.091962 	 0.013253 
0.125933 	0.175697 	0.122931 	0.089680 	 0.012897 
0.118609 	0.170779 	0.119733 	0.087765 	 0.012846 
0.154422 	0.194265 	0.135158 	0.101913 	 0.014225 
0.145560 	0.154641 	0.109140 	0.079798 	 0.012544 
0.115932 	0.193884 	0.134261 	0.102626 	 0.014449 
0.129551 	0.170505 	0.119984 	0.087595 	 0.013582 
0.140514 	0.172299 	0.118424 	0.098990 	 0.013356 
0.140734 	0.175596 	0.121487 	0.094231 	 0.013253 
0.146683 	0.151737 	0.108275 	0.077659 	 0.012399 
0.119498 	0.157852 	0.110694 	0.086237 	 0.012401 
0.136660 	0.179218 	0.125197 	0.094051 	 0.014071 
0.176653 	0.164592 	0.113065 	0.096128 	 0.013090 
0.140331 	0.187437 	0.130326 	0.095476 	 0.013824 
0.161287 	0.189354 	0.131144 	0.100234 	 0.014105 
0.159008 	0.163425 	0.114647 	0.086019 	 0.012721 
0.119344 	0.175713 	0.122920 	0.091096 	 0.012518 
0.145329 	0.177854 	0.124994 	0.087435 	 0.012741 
0.131102 	0.170823 	0.118237 	0.095183 	 0.013364 
0.132679 	0.182447 	0.127439 	0.094482 	 0.013875 
0.102152 	0.190210 	0.131933 	0.100257 	 0.014228 
0.137238 	0.162298 	0.115046 	0.079448 	 0.012515 
0.135942 	0.174785 	0.121164 	0.092888 	 0.013342 
0.152184 	0.162415 	0.113811 	0.085329 	 0.013257 
0.163182 	0.177374 	0.124610 	0.092062 	 0.013527 
0.129244 	0.173351 	0.122093 	0.089580 	 0.013168 
0.134913 	0.170144 	0.118709 	0.092516 	 0.012759 
0.120625 	0.168700 	0.118916 	0.084796 	 0.013298 
0.108945 	0.179884 	0.124383 	0.096300 	 0.014249 
0.111343 	0.179084 	0.125428 	0.093920 	 0.013541 
0.147820 	0.174914 	0.121250 	0.095066 	 0.013388 
0.145533 	0.173019 	0.121818 	0.088398 	 0.012861 
0.138434 	0.174956 	0.121887 	0.092946 	 0.012588 
0.098013 	0.177879 	0.125745 	0.085040 	 0.012866 
0.142546 	0.175078 	0.121923 	0.088851 	 0.013363 
0.091838 	0.190335 	0.132882 	0.097664 	 0.013414 
0.122476 	0.184271 	0.128481 	0.094562 	 0.014150 
0.141987 	0.175413 	0.123241 	0.089027 	 0.013159 
0.118861 	0.171743 	0.121797 	0.086377 	 0.013611 
0.127942 	0.173498 	0.121034 	0.092616 	 0.013418 
0.121254 	0.179870 	0.125782 	0.092229 	 0.013251 
0.146078 	0.179812 	0.124476 	0.097128 	 0.013686 
0.114041 	0.199116 	0.138790 	0.102895 	 0.014236 
0.121756 	0.175364 	0.122729 	0.089582 	 0.013682 
0.114975 	0.170854 	0.120780 	0.084444 	 0.012294 
0.112720 	0.175731 	0.122821 	0.093405 	 0.013724 
0.143264 	0.166413 	0.118068 	0.084953 	 0.012354 
0.127021 	0.185374 	0.128867 	0.096107 	 0.013965 
0.108252 	0.185027 	0.129739 	0.092400 	 0.013017 
0.115285 	0.181118 	0.127635 	0.090540 	 0.013042 
0.099147 	0.200615 	0.139264 	0.105915 	 0.014270 
0.152148 	0.176753 	0.123164 	0.094155 	 0.014160 
0.125936 	0.183383 	0.128334 	0.091776 	 0.013347 
0.153472 	0.186099 	0.128389 	0.103775 	 0.014457 
0.132432 	0.174271 	0.120114 	0.096015 	 0.013260 
0.161532 	0.168245 	0.118643 	0.085703 	 0.013423 
0.134650 	0.170809 	0.119350 	0.088991 	 0.012678 
0.110081 	0.187659 	0.130690 	0.097205 	 0.013122 
0.159995 	0.181343 	0.126588 	0.092714 	 0.013642 
0.103824 	0.200579 	0.139202 	0.101366 	 0.014188 
0.121525 	0.191375 	0.133131 	0.101537 	 0.013604 
0.166525 	0.176735 	0.122382 	0.096445 	 0.013880 
0.139179 	0.178699 	0.124869 	0.092034 	 0.013750 
0.135864 	0.173287 	0.122730 	0.086746 	 0.013343 
0.158151 	0.188919 	0.128197 	0.110448 	 0.014834 
0.109828 	0.192692 	0.133798 	0.096392 	 0.013989 
0.095083 	0.188881 	0.131734 	0.097382 	 0.014659 
0.120705 	0.184244 	0.129274 	0.091860 	 0.013415 
0.129169 	0.174930 	0.123256 	0.090412 	 0.013603 
0.128109 	0.190681 	0.133436 	0.100185 	 0.014248 
0.139762 	0.170836 	0.120461 	0.086745 	 0.013083 
0.147263 	0.170388 	0.119465 	0.088475 	 0.013682 
0.175472 	0.177350 	0.124340 	0.093548 	 0.014233 
0.121188 	0.193041 	0.134764 	0.096318 	 0.014116 
0.148328 	0.186584 	0.129971 	0.098263 	 0.014467 
0.103674 	0.185346 	0.130130 	0.092601 	 0.014007 
0.108988 	0.177407 	0.124783 	0.089450 	 0.012793 
0.113840 	0.180148 	0.126692 	0.093204 	 0.013124 
0.154265 	0.174092 	0.121216 	0.095762 	 0.013521 
0.139213 	0.173793 	0.121291 	0.091104 	 0.013642 
0.127396 	0.171746 	0.121390 	0.084870 	 0.013047 
0.178802 	0.172212 	0.119101 	0.095613 	 0.013569 
0.114137 	0.165771 	0.117111 	0.082917 	 0.012810 
0.147159 	0.189374 	0.130644 	0.102599 	 0.014242 
0.130736 	0.186562 	0.129998 	0.097435 	 0.014056 
0.115474 	0.201996 	0.141381 	0.100075 	 0.014671 
0.165172 	0.173160 	0.121146 	0.094802 	 0.013701 
0.161966 	0.164002 	0.114037 	0.091217 	 0.013269 
0.137546 	0.176394 	0.123206 	0.092467 	 0.014157 
0.126521 	0.196309 	0.138614 	0.094684 	 0.014208 
0.139226 	0.183395 	0.127688 	0.097086 	 0.013504 
0.126626 	0.184007 	0.128215 	0.097140 	 0.013969 
0.138616 	0.189625 	0.131638 	0.102521 	 0.015156 
0.128726 	0.188941 	0.131950 	0.099042 	 0.014220 
0.141337 	0.165778 	0.116307 	0.086097 	 0.013494 
0.108184 	0.175957 	0.123969 	0.090202 	 0.013641 
0.134811 	0.173631 	0.122472 	0.087565 	 0.013359 
0.108533 	0.171979 	0.119812 	0.092821 	 0.013922 
0.110709 	0.167500 	0.118736 	0.085223 	 0.013668 
0.128703 	0.178971 	0.125696 	0.096123 	 0.014779 
0.131712 	0.196747 	0.137320 	0.099011 	 0.014724 
0.108283 	0.195827 	0.136894 	0.098482 	 0.013720 
0.098529 	0.196492 	0.136962 	0.100996 	 0.014391 
0.124349 	0.173526 	0.123378 	0.085323 	 0.013268 
0.154482 	0.184234 	0.128632 	0.094823 	 0.014839 
0.112786 	0.194516 	0.134734 	0.099307 	 0.014138 
0.106885 	0.200981 	0.139842 	0.103477 	 0.015015 
0.133591 	0.194802 	0.137760 	0.093944 	 0.014752 
0.139348 	0.164652 	0.115823 	0.089664 	 0.014532 
0.106588 	0.202063 	0.141405 	0.101875 	 0.014642 
0.150616 	0.176470 	0.123061 	0.093247 	 0.014168 
0.118013 	0.189504 	0.133020 	0.094953 	 0.014757 
0.096207 	0.180956 	0.127450 	0.091273 	 0.013916 
0.130260 	0.166946 	0.119225 	0.079113 	 0.013665 
0.143803 	0.172836 	0.121172 	0.093655 	 0.014320 
0.118155 	0.199393 	0.138661 	0.107264 	 0.015271 
0.135047 	0.181026 	0.126672 	0.094958 	 0.013809 
0.108578 	0.183553 	0.128008 	0.097810 	 0.014467 
0.143593 	0.164592 	0.115483 	0.088311 	 0.013134 
0.132939 	0.186518 	0.130851 	0.097040 	 0.014564 
0.139392 	0.199741 	0.139302 	0.099132 	 0.014716 
0.105073 	0.192666 	0.136257 	0.092197 	 0.014610 
0.140462 	0.176548 	0.124637 	0.093629 	 0.014963 
0.110604 	0.197917 	0.140031 	0.096064 	 0.015052 
0.088153 	0.193928 	0.135055 	0.099920 	 0.013956 
0.136942 	0.180132 	0.127481 	0.092713 	 0.014872 
0.153279 	0.182973 	0.127083 	0.098848 	 0.014699 
0.138358 	0.171568 	0.121900 	0.086125 	 0.013871 
0.122980 	0.177701 	0.123894 	0.094390 	 0.014547 
0.140064 	0.176561 	0.124221 	0.088847 	 0.014377 
0.129551 	0.166198 	0.117378 	0.087271 	 0.013597 
0.116702 	0.174576 	0.122568 	0.095768 	 0.015082 
0.108229 	0.187852 	0.132400 	0.095048 	 0.015132 
0.116318 	0.191497 	0.135102 	0.094670 	 0.015234 
0.121055 	0.180929 	0.126432 	0.095599 	 0.014181 
0.137935 	0.194795 	0.137744 	0.095185 	 0.015639 
0.122424 	0.198819 	0.138867 	0.102516 	 0.015633 
0.122265 	0.186737 	0.132202 	0.091940 	 0.014973 
0.119260 	0.179774 	0.126087 	0.097576 	 0.014864 
0.079667 	0.208830 	0.145493 	0.107661 	 0.015949 
0.113799 	0.197351 	0.138996 	0.100801 	 0.016139 
0.085099 	0.214971 	0.150793 	0.107594 	 0.016136 
0.137812 	0.180081 	0.126985 	0.091203 	 0.014854 
0.087633 	0.190579 	0.134460 	0.094662 	 0.015115 
0.099344 	0.197428 	0.137717 	0.106994 	 0.015414 
0.100030 	0.201192 	0.140037 	0.104780 	 0.015896 
0.127043 	0.188155 	0.130739 	0.105019 	 0.016439 
0.120371 	0.179213 	0.127506 	0.086959 	 0.014798 
0.135422 	0.188116 	0.130647 	0.101398 	 0.015250 
0.130885 	0.177980 	0.124380 	0.096586 	 0.014762 
0.119492 	0.195825 	0.137630 	0.098437 	 0.015298 
0.109442 	0.184893 	0.129349 	0.098628 	 0.015372 
0.099309 	0.196174 	0.137541 	0.103100 	 0.015780 
0.102446 	0.191988 	0.133906 	0.105849 	 0.015482 
0.112366 	0.198368 	0.139640 	0.098723 	 0.015275 
0.106598 	0.169654 	0.120660 	0.086106 	 0.014973 
0.130906 	0.181837 	0.127840 	0.092286 	 0.014279 
0.126109 	0.198970 	0.139187 	0.104454 	 0.016485 
0.114574 	0.188909 	0.133717 	0.095717 	 0.015067 
0.077296 	0.190625 	0.135134 	0.092971 	 0.015214 
0.088621 	0.190698 	0.135440 	0.092837 	 0.016198 
0.121231 	0.189818 	0.134382 	0.096903 	 0.015970 
0.115630 	0.175167 	0.123576 	0.092494 	 0.015202 
