# B_pls (Regression Coefficients - Normalized)
9.076713715703038643e-03
9.114670803401177246e-03
8.987050240861724562e-03
8.669097049384545672e-03
8.183405382235078157e-03
7.608276888750548604e-03
7.075659730557839686e-03
7.707805100661855452e-03
8.213439172952294309e-03
8.496100431553150339e-03
8.466642134744475912e-03
7.968762489133108043e-03
7.270292815215797892e-03
6.793485244726334832e-03
6.026183570070531639e-03
5.197699251001092376e-03
4.561824006916419608e-03
4.192170334927879105e-03
4.005135022172864184e-03
3.909159246795107512e-03
3.863162788840157971e-03
3.887000086229442253e-03
4.054626088125124796e-03
4.391665052944499804e-03
4.772941223013407383e-03
5.024217233619302815e-03
5.103775895130635044e-03
5.144868016179707237e-03
5.337359132265160483e-03
5.824505696904781933e-03
6.700381030854282716e-03
7.952364662369071011e-03
9.300097002070604330e-03
1.022056848997631578e-02
1.032482538630258295e-02
9.668672265318437042e-03
8.519662545139408336e-03
7.058390397407192547e-03
5.470609704252661805e-03
4.033006671037834244e-03
2.845954051538805707e-03
-3.575168097641541649e-04
9.862460560966421728e-04
2.741790511484916079e-03
4.563139135034537282e-03
6.091944870627323018e-03
7.040016172406509710e-03
7.432013109530187338e-03
7.643835894245038995e-03
8.048615166481020225e-03
8.720158791351739769e-03
9.457387303490836020e-03
9.932327840574611127e-03
9.901179535524813266e-03
9.428738539284475459e-03
8.746769598106923088e-03
7.834323123315882487e-03
6.354824241925077430e-03
4.159804231508454353e-03
1.638060039224048699e-03
-6.603513469251253397e-04
-2.448756673729879027e-03
-3.623983826005397653e-03
-4.072233364932236963e-03
-3.718192172288525832e-03
-2.666250170711600455e-03
-1.219937208191686911e-03
3.478599402801014519e-04
2.000765859657760611e-03
3.741187561379461565e-03
5.369451542970835739e-03
6.579680271627001351e-03
7.162251164465314318e-03
7.118703884690653731e-03
6.759783542879961582e-03
6.573698792629486566e-03
6.883255136621932099e-03
7.719670133044527309e-03
8.898507393948892549e-03
1.005829742737532513e-02
1.070486269210702869e-02
1.038713587612152475e-02
8.973808033387747213e-03
6.894788561611344888e-03
4.935026692412910337e-03
3.500834963152987464e-03
2.275467641789809866e-03
7.343369926449774300e-04
-1.155622258896638315e-03
-2.951724021921729377e-03
-4.190753953086687016e-03
-4.620900062715754299e-03
-4.268407326728057907e-03
-3.314424482610271033e-03
-1.930765686629100451e-03
-3.282204010593187289e-04
1.214805764688186695e-03
2.519933171117546156e-03
3.639898837562452472e-03
4.830940548224384873e-03
6.312985244334138116e-03
7.981658373800250283e-03
9.384555805671886131e-03
1.000796101461449462e-02
9.703639631783663594e-03
8.791195015983094968e-03
7.758440231938971629e-03
6.947463193165252966e-03
6.322053519264307989e-03
5.558016593634644738e-03
4.484674938204264404e-03
3.336732408812834519e-03
2.492837998463536594e-03
2.085020940635828705e-03
1.950763880847593539e-03
1.870054385392694437e-03
1.682125222702700058e-03
1.221119804769750300e-03
3.685009879382673392e-04
-7.565582357044369280e-04
-1.803345504886488121e-03
-2.394986813525648746e-03
-2.272201274947191485e-03
-1.410261403624396169e-03
-1.943327485040745534e-04
6.666856247561916363e-04
7.326715788443841602e-04
2.945749929998183608e-04
1.171175882036350202e-05
2.165729934114667479e-04
7.017921934440263330e-04
1.039898509637251708e-03
9.900027542454874901e-04
6.375068459279001343e-04
3.244922909505713708e-04
4.861224788536141692e-04
1.410351083507960322e-03
3.022981784240645620e-03
4.890195989612032036e-03
6.470615409517394695e-03
7.399680759484387332e-03
7.563666876225392730e-03
7.015107284414488081e-03
5.904322608958148706e-03
4.413005254604040334e-03
2.617999553948700039e-03
5.111707243654078523e-04
-1.806265255707494282e-03
-4.025074996539012781e-03
-5.721109077052769810e-03
-6.543182293841980079e-03
-6.404737104595072811e-03
-5.478743133525018627e-03
-4.069484714636915565e-03
-2.568559381844409597e-03
-1.289571982777295515e-03
-2.409299194910483749e-04
7.078782025106561404e-04
1.445507717956462899e-03
1.626770514037519620e-03
1.079676410082714647e-03
5.737262068628576697e-05
-8.879668724395706897e-04
-1.281547847704518845e-03
-1.100743218001813597e-03
-7.404440907798860369e-04
-5.458887365154529167e-04
-4.065150964299295592e-04
9.747712519856993781e-05
1.172971150430527493e-03
2.524773700354875777e-03
3.602009685073843774e-03
4.079811111958667191e-03
3.921370355702214622e-03
3.153480557503817588e-03
1.933089902946000119e-03
6.533094511771936168e-04
-3.463466215913225564e-04
-1.088966193175723920e-03
-1.828803708853970686e-03
-2.644485155109484523e-03
-3.298446487846344935e-03
-3.482811878717595802e-03
-3.106285525576131523e-03
-2.392379520313207917e-03
-1.750892462170934322e-03
-1.534993478431940020e-03
-1.800395151117510856e-03
-2.224190299054070157e-03
-2.331199203375018160e-03
-1.872623757589622238e-03
-9.934211768123394834e-04
-5.759643632265566780e-05
6.684123563151822848e-04
1.155679675999402023e-03
1.545887140675106025e-03
2.022163851823279880e-03
2.617618022443104174e-03
3.054389088151747422e-03
2.863626736409014689e-03
1.779544916179783606e-03
1.113406530704491338e-05
-1.875057476406363863e-03
-3.288019800481232179e-03
-3.884267495586984052e-03
-3.766642911398987263e-03
-3.481664461090652838e-03
-3.536654859153386642e-03
-3.911002509981019448e-03
-4.168432033838927880e-03
-3.920355595879101637e-03
-3.159090723889864099e-03
-2.173228261466224678e-03
-1.211522169933195586e-03
-4.093878106374043593e-04
9.894236343480815668e-05
2.457096194356336340e-04
1.348277491514387073e-04
-7.487409726796228173e-05
-3.986492452059217000e-04
-1.030680071385434203e-03
-2.088881640376830454e-03
-3.429176799779828227e-03
-4.712439920071443203e-03
-5.570261822430415399e-03
-5.730634898726423218e-03
-5.128964736362344977e-03
-3.954837258319599327e-03
-2.490823892423435146e-03
-9.114236118779911640e-04
7.051644535168106803e-04
2.237384622695537308e-03
3.512085347941957224e-03
4.424216804369526627e-03
4.934224661515306150e-03
4.957969999219435063e-03
4.417100959460395007e-03
3.434768649928312927e-03
2.346533432316266158e-03
1.444216147639038050e-03
7.601632428746484590e-04
1.462653064815889374e-04
-5.119591196836199842e-04
-1.218011477666253520e-03
-1.931999517541207806e-03
-2.643823687630026276e-03
-3.371449229627680906e-03
-4.123102401055905517e-03
-4.873199256505053242e-03
-5.550252822330003014e-03
-6.031499962996325973e-03
-6.162958933639919347e-03
-5.800980999914308323e-03
-4.861166710342966837e-03
-3.448098498043314190e-03
-1.956911441588733008e-03
-8.764337341392733826e-04
-4.427891359963365527e-04
-5.644016994902395674e-04
-1.030456621577213218e-03
-1.685253572888036760e-03
-2.417993694186277697e-03
-3.145399796766312327e-03
-3.884765968941247642e-03
-4.717256739672504202e-03
-5.582338129675672167e-03
-6.202535094657733380e-03
-6.347371767876134295e-03
-6.111937689374808552e-03
-5.805889778405853505e-03
-5.594185348110866304e-03
-5.347478137518637230e-03
-4.857650129388154520e-03
-4.132211237151402899e-03
-3.422693892647536706e-03
-2.967204043245796029e-03
-2.791954629384608803e-03
-2.791849257636497966e-03
-2.893259695124310998e-03
-3.048184624237786685e-03
-3.129355968561880769e-03
-2.949623000342522193e-03
-2.451719147885197785e-03
-1.839208482882693195e-03
-1.429795677049680407e-03
-2.721565022073322779e-03
-2.749556560524645584e-03
-2.672370611048048832e-03
-2.646416418328217945e-03
-2.757159847471614932e-03
-3.024898497369621006e-03
-3.475451310754108271e-03
-4.094990607696713004e-03
-4.757833130191216689e-03
-5.294473747009491651e-03
-5.626724620898321955e-03
-5.805545802467997063e-03
-5.917218429458537439e-03
-6.002512166617974404e-03
-6.069110205343973552e-03
-6.067654769888396540e-03
-5.841725332141197227e-03
-5.241997360402513365e-03
-4.352991168288206786e-03
-3.556450106728043566e-03
-3.300750432113156319e-03
-3.746084080072486187e-03
-4.637566366610531080e-03
-5.520044219047358369e-03
-6.051328177572938907e-03
-6.167361674592338264e-03
-6.006845648573514579e-03
-5.698408204011184974e-03
-5.326088652507205909e-03
-5.108593197393390510e-03
-7.121798850123749539e-03
-7.430239117226901738e-03
-6.782863690821304761e-03
-5.496799856372578882e-03
-4.270119150596039283e-03
-3.658550638355979184e-03
-3.800960021023411239e-03
-4.400767582448129531e-03
-4.859163325841488884e-03
-4.620777508964292110e-03
-3.541079724736430952e-03
-1.950866564459221436e-03
-4.795618104817497319e-03
-6.597319840961441036e-03
-7.639483689625669802e-03
-7.989886650956189856e-03
-8.032153646708001596e-03
-8.161156251594151034e-03
-8.492172301854748750e-03
-8.740863903436899701e-03
-8.401736819221232444e-03
-7.177153867237283207e-03
-2.096007252479234993e-03
-2.590895468564063595e-03
1.668174899873474046e-03
1.995695779331906755e-03
2.469996293607677577e-03
-1.661820137671426827e-03
-4.271974643920626452e-03
-5.833685942320268603e-03
-5.820355998779197515e-03
-4.665473388113549821e-03
-3.225151874265288522e-03
-2.221172821664780042e-03
-2.129817109423639415e-03
-8.975935247367656730e-03
-8.830901470423391589e-03
-7.797139038745894320e-03
-6.284363156784112878e-03
-4.740959573631021474e-03
-3.409084744165941268e-03
-2.357440454272760177e-03
-1.587369885917609387e-03
-1.001801162519322299e-03
-1.275098283554610898e-02
-1.466759017346574642e-02
-1.359029819134359787e-02
-1.045603443872118905e-02
7.751913486184859765e-03
5.353705930255549077e-03
3.142469743360912920e-03
-3.334741162313132994e-03
-3.838266015318557087e-03
-4.124546687280147492e-03
-5.066426029135822837e-03
7.905442380684364612e-03
6.847660290392428191e-03
3.891948047689110148e-03
3.559514774221372076e-03
3.184354099210644391e-03
2.913094304817395903e-03
2.704438899144555666e-03
2.444063379041240894e-03
1.712809082767221061e-03
-3.178688808707294533e-04
-1.165620202003309069e-02
-9.731909415416978987e-03
-6.788176828191713058e-03
1.264062488220187713e-02
1.404021278404492430e-02
1.238047658092741865e-02
9.388300504313898398e-03
7.329663054420005111e-03
6.488009948533878489e-03
4.807530642871720231e-03
4.794436742161906594e-03
4.624238966100387323e-03
4.369401028768362880e-03
3.990020599969402657e-03
3.527326656086068185e-03
3.195933792672333781e-03
3.252732881265975925e-03
3.716671311659769557e-03
4.344667000138731014e-03
4.882738201029261996e-03
5.303846462915345894e-03
5.739088242051047437e-03
6.153011203306301379e-03
6.274855216283604931e-03
5.927200463892328720e-03
3.299010230743524338e-03
3.523716135560735468e-03
3.645562527458753085e-03
3.685085498204596771e-03
3.626953948242954678e-03
3.448088836032481286e-03
3.161573167057978983e-03
2.815233554504695951e-03
2.453566558192854258e-03
2.090548306783412275e-03
1.707982717719137627e-03
1.274622977316388186e-03
7.767394380772589622e-04
2.430349898013024887e-04
-2.536888041062732805e-04
-6.254464099413421449e-04
-8.209610643676244464e-04
-8.649122730802144901e-04
-8.362470502409595366e-04
-8.040699764324046872e-04
-7.969213307180094243e-04
-8.242335460400554642e-04
-8.959883858169713760e-04
-1.006173682586088960e-03
-1.120305469182722663e-03
-1.209902088741797877e-03
-1.296719438361689826e-03
-1.431196564079649774e-03
-1.624837900498778045e-03
-1.834249682716017869e-03
1.259066271748622914e-02
1.018934383685586240e-02
5.783685928387390617e-03
1.525274311799143436e-03
-3.535754950688664838e-03
-3.539602908799324189e-03
2.736005738555654255e-03
1.868582967520978841e-03
-3.710806591358936299e-05
-1.446724802881701804e-03
-2.125328529911671080e-03
-2.468668245981828907e-03
-3.237845871188763103e-03
-3.449716697377250806e-03
-3.634196157704101642e-03
-2.580176792152800817e-03
-5.528492483061352072e-04
1.808621111455747032e-03
3.765299813601162733e-03
4.919992798600289832e-03
5.260418663964008985e-03
4.961179851843619537e-03
4.285605594399753866e-03
3.387868337169900549e-03
2.368099649206737226e-03
1.185580174645006020e-03
-3.397645296278190268e-04
-2.074598281176359520e-03
-3.553161623140966771e-03
-4.429899781010928836e-03
-4.571482312834003470e-03
-3.984883474103997208e-03
-2.874132861597207371e-03
-1.642023412188837366e-03
-7.605539342379382794e-04
-4.939655969754335688e-04
-8.547213964788032570e-04
-1.758299693922321140e-03
-2.932623151091950670e-03
-3.877017571414649501e-03
-4.453688928702887947e-03
2.999952037176074893e-03
4.303230130159466441e-03
5.083736008680740312e-03
5.150838875703698388e-03
4.419388534036287203e-03
2.993320618753048199e-03
1.704453932618453689e-05
6.667789145348140128e-04
1.344587891367819352e-03
2.150289745488097575e-03
3.137699767188062948e-03
4.019018896751951411e-03
4.445443135134024074e-03
4.484255078252455222e-03
4.456139670296350129e-03
4.411354514113530537e-03
4.006953102908606713e-03
2.988674593925823211e-03
1.517102644633788397e-03
-1.285203364706803339e-05
-1.274874779569327770e-03
-4.037259802096022053e-03
-2.924410967915051611e-03
-1.371326726019860952e-03
6.703583240794885271e-04
2.744863653023633162e-03
3.895107197586897448e-03
3.561369461614505728e-03
2.174385754092492910e-03
7.339354778158298839e-04
-6.398428385201784807e-06
1.002705687641438151e-04
7.628884132048715551e-04
1.605627695850992158e-03
2.465080673804137187e-03
3.340598849078136104e-03
4.166395816992398901e-03
4.683586575288440149e-03
4.690019631657325536e-03
4.290219594054087669e-03
3.663545801950471130e-03
2.660013014286726016e-03
9.837582806173201209e-04
-1.299541161912167028e-03
-3.628237978760546004e-03
-5.288773288494133182e-03
-5.832589629154848881e-03
-5.287508442269002462e-03
-4.015660222409313078e-03
-2.416554103626390032e-03
-7.648082661846525125e-04
7.799081342201236774e-04
2.044125223739780978e-03
2.760345969630467917e-03
-6.893488122694868070e-04
-1.595932633354977832e-03
-1.987705129644099476e-03
-1.700292267849447649e-03
-8.844149798598941034e-04
1.309777864031972305e-04
1.027778196552059375e-03
1.593227124394089441e-03
1.720081787011927890e-03
1.465145750478246984e-03
9.363279577543417997e-04
1.069057234664291464e-04
-1.097069034160484333e-03
-2.493193662877144119e-03
-3.612765658423601652e-03
-4.015357187600019501e-03
-3.657149453300181409e-03
-2.868580517311964014e-03
-1.927785593239822936e-03
-8.612440214699772136e-04
4.028952386578504375e-04
1.921715110576568573e-03
3.710083905294710160e-03
5.585435435387188681e-03
7.132729246673352730e-03
7.983484146430972275e-03
8.016802371477914357e-03
7.268424425148979282e-03
5.836553631605827935e-03
4.015370837829607652e-03
2.284688228432633049e-03
9.612198561739602066e-04
5.635037967730493688e-05
-4.790505791918717258e-04
-6.205716312801990049e-04
-3.944477940624132890e-04
6.984298957748318916e-05
6.350224158329456116e-04
1.225890528727103645e-03
1.792950741985976102e-03
2.270246616570566374e-03
2.628466235637952168e-03
2.920380793313174031e-03
3.196462232195770165e-03
3.411429587610100012e-03
3.463865539880776803e-03
3.288810609864290229e-03
2.880558249506854924e-03
2.291487138938278021e-03
1.666273094292867150e-03
1.231819354998947005e-03
1.154580493212832223e-03
1.409088746873701954e-03
1.811609086300198807e-03
2.188864446248281383e-03
2.487977684855146709e-03
2.799765729889548173e-03
3.323268075346724835e-03
4.205629788586929922e-03
5.353502119936801376e-03
6.460870001779570049e-03
7.225877137880575354e-03
7.489597236592953310e-03
7.143138312495123793e-03
6.132449050813905053e-03
4.681746206771203109e-03
3.299895833157287257e-03
2.369911266629474295e-03
1.836921029006501234e-03
1.406155338891682590e-03
9.824922210261342014e-04
7.260767763658674059e-04
7.380888732296372792e-04
9.148170272182038799e-04
1.172798250719636962e-03
1.611140705666732351e-03
2.340983095543633808e-03
3.279866360587141948e-03
4.197299275051484882e-03
4.917216100654688005e-03
5.434334844970386061e-03
5.815174427041082394e-03
6.004021525962247724e-03
5.808468123596127915e-03
5.121379786821587607e-03
4.168909196034940173e-03
3.297303703678918212e-03
2.480372212349713987e-03
1.350926978967051861e-03
-2.246817242218330157e-04
-1.850689551084910107e-03
-2.886933110862934665e-03
-2.923325843376176677e-03
-2.041742489853420883e-03
-6.932525757949608604e-04
6.481723559980543054e-04
1.665922245562255228e-03
2.239512852803945010e-03
2.455718727681518738e-03
2.499793895208973077e-03
2.466235697988567333e-03
2.227768364355947085e-03
1.546872485796375917e-03
3.131333448392944335e-04
-1.258516185664149307e-03
-2.714314776624928219e-03
-3.656446703938874901e-03
-3.896645311998785111e-03
-3.459208086825856475e-03
-2.573117828100961700e-03
-1.580394484651432858e-03
-7.000170808763243446e-04
2.149235087359540816e-04
1.592016725871567631e-03
3.686301081685386654e-03
6.187397109598449969e-03
8.480221845297146108e-03
1.026491404807013813e-02
1.165810786786454847e-02
1.278355945158273638e-02
1.348038902782825246e-02
1.346424714472560340e-02
1.262694325958940191e-02
1.109837333559217203e-02
9.105038411657382855e-03
6.841251965441080829e-03
4.431371447549746316e-03
1.933720343346012746e-03
-5.623145717718277571e-04
4.850888474310341252e-03
6.390758611160406860e-03
7.466038185978656448e-03
7.893473105598602588e-03
7.825679923742487332e-03
7.597610949374007661e-03
7.547282728265105115e-03
7.873137157590607768e-03
8.544596851331447834e-03
9.356573389384689396e-03
1.007480645389876445e-02
1.049492264226165386e-02
1.044368994434439514e-02
9.836295727341393819e-03
8.721974281551343397e-03
7.180579337090508586e-03
5.271083704719408888e-03
3.223443104799578619e-03
1.497018504694211469e-03
4.549498012579378855e-04
4.449598530199892592e-05
-5.027264535133516531e-05
-6.860001130576886229e-05
-3.788022138285595912e-05
8.331002760910474064e-05
5.907561806784004596e-03
6.222895919246315341e-03
6.030634279854943033e-03
6.450896249990028912e-03
7.540176293468705930e-03
8.195479421725083979e-03
8.186557974190471904e-03
7.401356824688050048e-03
5.949121710705856936e-03
3.259577089771672348e-03
4.134793959543439819e-03
4.973596266202695571e-03
5.443521007912538456e-03
5.406026144536733684e-03
4.949864847384188860e-03
4.815212216826789300e-03
5.049117943575594063e-03
4.764666695978088395e-03
4.162505703634927605e-03
3.401466358022312009e-03
5.983416571459834396e-03
7.065890760051891234e-03
7.650441916273087797e-03
7.504709465278596933e-03
6.699681780512119211e-03
5.503111176673388359e-03
4.229626182796118739e-03
3.198822358784613601e-03
2.662799067705293610e-03
2.603334495813777304e-03
3.596955276313212532e-03
3.555646905075400457e-03
3.116032942822533503e-03
1.056397865887994184e-02
1.297834830878675204e-02
1.454578251711005979e-02
1.537779252135782274e-02
1.538713702195611092e-02
-9.262334479505588553e-03
-1.046050926285779954e-02
-9.963091185949429773e-03
-8.985646061009188931e-03
-8.323276880730310842e-03
-8.311396685598014533e-03
-8.824725703948651384e-03
-9.109256286686111953e-03
-4.438673489193465001e-03
-6.505632796672774533e-03
-7.567686779456262239e-03
-7.704389237367261119e-03
-7.326439800465204231e-03
-6.932890542138923744e-03
-6.754176792856982948e-03
-6.626876030102256919e-03
-6.074487641755372744e-03
-4.634113891168098118e-03
4.265713407661850427e-03
5.976509937589809252e-03
7.678761820076932670e-03
8.755248022642669187e-03
8.877988740740508714e-03
7.923871440839025740e-03
-3.794309830525405118e-04
-2.126180791141988376e-03
-4.108942544990178830e-03
-6.174829610110863475e-03
-7.794363592507106211e-03
-8.506845108878747022e-03
-8.215107399694450419e-03
-7.108408140603827280e-03
-5.496744240014065502e-03
-3.823694276222780204e-03
-2.725552662415536495e-03
-2.659482861301324004e-03
-3.358808744179837998e-03
-3.965418516542758287e-03
-3.769362629446957290e-03
-2.838511462034274714e-03
-2.009846093777687900e-03
-2.023796526894943489e-03
-2.681746480662672467e-03
-3.111037443750401532e-03
-2.802872919644737622e-03
-1.983694994120176625e-03
-1.061460850713761119e-03
-1.380673787286147312e-04
2.190687284322066948e-03
2.001565491559534685e-03
1.823373307454899308e-03
1.365275098288659325e-03
2.734172338319266690e-04
-1.265740555821976126e-03
-2.605887717773691051e-03
-3.283422705076593281e-03
-3.395104929303550262e-03
-3.369208692332576090e-03
-3.479632374354715493e-03
-3.696391400796315233e-03
-3.897784277047854334e-03
-3.991819941700992108e-03
-3.805952948118414107e-03
-3.048948785624405050e-03
-1.654965087017573264e-03
-1.645965881159238342e-04
6.347619271433595526e-04
4.849937732649465096e-04
-1.737536095168850043e-04
-7.302055196213023047e-04
-9.437488804714088938e-04
-9.471159639071721802e-04
-8.584527322284333769e-04
-6.014007455346942910e-04
-1.595076981927866016e-04
3.398510162086913755e-03
3.199369558620288132e-03
4.462756242686027539e-03
5.624420126558052867e-03
6.471547060870660312e-03
6.722270164125787421e-03
6.354666912135528700e-03
5.525685109383911449e-03
4.499807906952256985e-03
3.409672193710282066e-03
3.758451004774014410e-03
3.534333895764179157e-03
2.802207377841234998e-03
3.010653006164225667e-03
2.996415830719756108e-03
2.794845364071899159e-03
2.518245618385858697e-03
2.357096848775946593e-03
2.445318438644727890e-03
2.735762084282473885e-03
3.188326225462228755e-03
3.884301470762505093e-03
4.841325336109239021e-03
5.825350068922280182e-03
6.583679281873783262e-03
7.123979776761487498e-03
7.491919978971216254e-03
7.590827481936868529e-03
7.424635849467202051e-03
7.132966922423762506e-03
6.791729241751465890e-03
6.430803913557371805e-03
6.115310137040965918e-03
5.985932992499564537e-03
6.166497461286974714e-03
6.696140678861886575e-03
7.496608110496728178e-03
8.366849936818559347e-03
9.096698580431715128e-03
9.669299522281332021e-03
1.032854579832016492e-02
1.097997805048116574e-02
1.093050981101055009e-02
9.851705786372252568e-03
7.996869248024207275e-03
7.708744508413844024e-03
9.004328813888816396e-03
9.215766680253702561e-03
9.099140423783836501e-03
9.087613000915342049e-03
9.080997794315714272e-03
8.953951681625290857e-03
8.763736851117288895e-03
8.530891637197220850e-03
-2.675567971118851356e-04
3.638521290524437870e-03
5.194291934503844285e-03
2.997166431223721120e-03
1.924379845574983230e-03
1.376920986773557190e-03
1.264793587088247325e-03
1.153623536538470008e-03
8.950350764940944500e-04
5.095157787268885180e-04
4.631036333227001381e-05
-3.768930944096531618e-04
-5.602551252936933436e-04
-4.805282682232400911e-04
-5.158397442483588294e-04
-1.021283566457940883e-03
-1.862167450313209974e-03
-2.558700835518863854e-03
-2.527638169693514902e-03
4.411031316571225117e-03
4.301199459423728569e-03
4.225516939091967725e-03
4.393914943131301855e-03
4.734336695833689726e-03
4.976063796863171990e-03
4.805455047754495813e-03
3.971232954947107388e-03
2.341292041074345340e-03
2.157681441120147189e-04
-1.639118731019098291e-03
-2.866264188909344209e-03
-3.625435670060791343e-03
-3.994669175706159862e-03
-3.681552825750258363e-03
-3.133229279880997246e-03
-2.138292542255923294e-03
-5.902307454574847682e-04
1.122588301890923819e-03
2.544312788122509057e-03
3.653267627673540720e-03
4.507498200499717930e-03
4.936651328751383121e-03
4.823355885430991204e-03
4.396638512332403520e-03
3.995325802545006237e-03
3.737637996991750259e-03
3.484743792033615124e-03
3.037474333613970293e-03
2.274695711093131616e-03
1.275457088514033799e-03
3.287315153443703345e-04
-3.380514838622817502e-04
-7.676197801790386526e-04
-4.260427065120084679e-04
3.121233539433259079e-04
1.151085010234209356e-03
2.275565492782496892e-03
4.043276912641828591e-03
6.338153747840127514e-03
8.379940819666028412e-03
9.484906118641448641e-03
9.673819958670035885e-03
9.467650487215132152e-03
9.319728753257993520e-03
9.402525771973910262e-03
9.799395050310813482e-03
1.050921527223924734e-02
1.129295267796505929e-02
1.179987742998229658e-02
1.180865143638965865e-02
1.120884130499424751e-02
9.948986422171823482e-03
8.276668735404783123e-03
6.727891790455581798e-03
5.635974223253951108e-03
4.871717422993088707e-03
4.110617438944142756e-03
3.172471814767601969e-03
2.040524928538464591e-03
7.774695192400201543e-04
-3.694268742001705422e-04
-9.337569547894120255e-04
-6.176621770921773445e-04
4.714311479427833154e-04
1.940266711466479867e-03
3.234083981786851480e-03
3.826003741407152381e-03
3.537115007776815180e-03
2.719739455497553835e-03
2.038585834467659778e-03
2.005130684155117908e-03
2.647473910424534387e-03
3.541021797968658263e-03
4.103544402389995224e-03
3.917002312434388414e-03
2.935272192838652219e-03
1.597119084338475149e-03
6.549863224078497463e-04
5.761726191354349901e-04
1.179353701871448286e-03
1.927845288336515117e-03
2.352452178746479092e-03
2.266622656209657614e-03
1.747180345699723492e-03
6.670782450922330825e-03
8.037561553632090183e-03
8.612311847392644867e-03
8.504695713389623032e-03
8.058449683364240709e-03
7.597835346924900965e-03
7.221714053528688164e-03
6.845531713575442843e-03
6.311215189721759364e-03
5.393582095278684312e-03
3.862391838097665661e-03
1.799855752811817169e-03
-5.768031492877343826e-05
-7.842125984255587327e-04
2.557844971216513552e-06
1.916331919329268812e-03
4.208018879933425604e-03
6.088787809598903561e-03
6.948592512954336955e-03
6.620897954218834744e-03
5.423095590509044613e-03
4.341723343918197330e-03
3.229624003753601546e-03
2.175663449311832955e-03
