# B_pls (Regression Coefficients - Normalized)
8.323300367452397125e-03
8.574958844556435783e-03
8.655349234820539431e-03
8.438480139192567134e-03
7.947502029632146081e-03
7.304508269399875159e-03
9.587620102110115325e-03
9.557884135870692299e-03
9.194459564327347317e-03
8.737396166691068639e-03
8.274969632573299372e-03
7.621143697799054144e-03
7.969536573294173573e-03
7.981824309769970302e-03
7.650273094977024478e-03
7.232404777236492617e-03
6.942065215100205744e-03
6.799530524881948479e-03
6.747277196427263653e-03
6.743407016572404780e-03
6.731361761943974870e-03
6.671058077989323008e-03
6.604719391167925523e-03
6.576610281450082952e-03
6.504998632323275021e-03
6.265053056609477117e-03
5.831453501466825860e-03
5.288134453220110637e-03
4.773620398662021917e-03
4.507670598337164616e-03
4.775213258781873908e-03
5.692970233606273536e-03
6.980954234294759961e-03
8.108271857776020580e-03
8.723542379406890382e-03
8.856358351064873291e-03
8.644121573683860235e-03
8.119236603529776664e-03
7.327518723798805492e-03
6.372926842575692488e-03
5.236164356619828902e-03
-5.440939614274873694e-04
2.947666441545536073e-04
1.742393265257020409e-03
3.469354740955526116e-03
5.083916133273080028e-03
6.300464104457401474e-03
7.140178152756850201e-03
7.887122586094643187e-03
8.743415946292866156e-03
9.584044379149708054e-03
1.009716340937031470e-02
1.003950246229788276e-02
9.409964302216156443e-03
8.506719394776702040e-03
7.630083827077737205e-03
6.732344300721430745e-03
5.544076556130984358e-03
4.035611906817174882e-03
2.494564879561385427e-03
1.108779590614518938e-03
-1.485089179892660864e-04
-1.189018227822097144e-03
-1.698912484844245386e-03
-1.440140914824917335e-03
-5.046631979176638416e-04
7.462170720458592699e-04
2.021403542874926178e-03
3.314925222188882126e-03
4.687912818354805604e-03
5.992307094956713168e-03
6.913347370752715229e-03
7.210822838684917066e-03
6.925653523148964617e-03
6.404100317559164104e-03
6.019501950273361754e-03
5.943999518987827697e-03
6.263626309794391965e-03
7.031407165832222889e-03
8.013854922391016808e-03
8.569571614052173478e-03
8.056627757559161468e-03
6.368823769464517295e-03
4.131107133354382406e-03
2.292466816726812431e-03
1.312288570054300635e-03
8.434492464417758621e-04
1.687220160641583061e-04
-1.086089289028376904e-03
-2.703611261422513706e-03
-4.184535534288513249e-03
-5.057745769277618812e-03
-5.054127440958646605e-03
-4.114110222094012267e-03
-2.398046072550535923e-03
-4.151223266014108203e-04
1.204140933594850110e-03
2.206071128301905979e-03
2.830307631519508350e-03
3.580337895810658134e-03
4.879012850648664634e-03
6.822099076565755343e-03
9.074568333126807260e-03
1.089504089682701363e-02
1.157121689273523345e-02
1.098513829381851138e-02
9.649335489959684140e-03
8.297357354279132069e-03
7.310623527808925506e-03
6.540774286248222241e-03
5.718672019271368520e-03
4.798226580021962805e-03
3.857063521677012337e-03
2.920965429144958044e-03
2.031251367584684456e-03
1.290857196388132825e-03
7.452496375098432210e-04
3.126022801743406909e-04
-1.722022849355241657e-04
-8.215772973236179673e-04
-1.538173036790124000e-03
-1.965365891720487548e-03
-1.663186758835591243e-03
-4.892157416962099672e-04
1.095555620389712919e-03
2.253587550518848862e-03
2.512855297624596446e-03
2.189991138901305461e-03
1.956282609323804246e-03
2.156628623971187930e-03
2.598582892816133846e-03
2.835616857282034862e-03
2.587850952941207761e-03
1.952938976665790543e-03
1.321613428471553721e-03
1.107971261471843438e-03
1.517369249990837892e-03
2.483660640812537530e-03
3.690327416076341974e-03
4.668520618534992977e-03
5.050204615123623023e-03
4.802364266817092664e-03
4.165605665780528107e-03
3.358983551340761521e-03
2.357260907810715400e-03
9.425050858029779526e-04
-9.566483172771371186e-04
-3.038344960297822278e-03
-4.764825449285036568e-03
-5.694689009416399259e-03
-5.762783734646391952e-03
-5.274939377668354246e-03
-4.534702695989335439e-03
-3.614533443778814546e-03
-2.552671701284447026e-03
-1.531057777343977546e-03
-7.077684257351421308e-04
-1.171703826524693806e-04
1.174379322582295646e-04
-2.712641088788540766e-04
-1.346441494928378099e-03
-2.658276723772382520e-03
-3.412722562804815750e-03
-3.084071230395182828e-03
-1.902089842013630731e-03
-6.217445400747266147e-04
1.823976986236994138e-04
6.057822040703825760e-04
1.236498625632508628e-03
2.543232206438062262e-03
4.406909823619556757e-03
6.159128376382492706e-03
7.118438492946679505e-03
6.996609911652262349e-03
5.869679767808764527e-03
4.158309007934977118e-03
2.549417531090941193e-03
1.527099571583427368e-03
9.414860485420019657e-04
1.763863743352181792e-04
-1.139119037917095748e-03
-2.713371065404359024e-03
-3.943083702807229085e-03
-4.470324807320437410e-03
-4.397195345932461939e-03
-4.083334792372831507e-03
-3.836342149978949796e-03
-3.710818107555680350e-03
-3.438382582946239267e-03
-2.610362375954684670e-03
-1.090750002811963042e-03
7.512517247515096549e-04
2.313608349648572232e-03
3.262179216893502324e-03
3.641573046169439311e-03
3.645764328431951029e-03
3.508155422573337213e-03
3.400927777921706856e-03
3.190201417053208956e-03
2.417790135638803965e-03
7.540557229011947459e-04
-1.536258150353255868e-03
-3.696209592319980169e-03
-4.992850761546098817e-03
-5.142455625078715120e-03
-4.510962022143588483e-03
-3.967192862701050815e-03
-4.162423734590535267e-03
-4.937698746776802636e-03
-5.549880105160154981e-03
-5.359005532676424689e-03
-4.333156792331709257e-03
-2.895910637831888238e-03
-1.378994765096900905e-03
3.633623675603620245e-05
1.051959371310172593e-03
1.423386336742128548e-03
1.306258413685687514e-03
1.107220622550144371e-03
9.494445573195054583e-04
5.082357084681029787e-04
-5.492458823890383193e-04
-2.160773960012751533e-03
-3.936325711550521696e-03
-5.392548740200654722e-03
-6.085123689553748744e-03
-5.766514141852720904e-03
-4.525786420272188970e-03
-2.649544895648254551e-03
-3.924454384124431228e-04
1.980593773217929031e-03
4.064921504110520674e-03
5.506552537656353094e-03
6.307142010001754590e-03
6.690891351862865259e-03
6.683495332003280137e-03
6.096561436995998756e-03
4.937721523647239236e-03
3.522355158608174788e-03
2.113583880479285443e-03
7.392859229952016518e-04
-5.497654932080555789e-04
-1.555833971703155395e-03
-2.185767668736730840e-03
-2.594307208342537356e-03
-3.037013824152151337e-03
-3.685532798093636361e-03
-4.583770784384488817e-03
-5.643458565621736582e-03
-6.627266946643922685e-03
-7.239265042903533093e-03
-7.301462066009685448e-03
-6.781578748346601612e-03
-5.668542719592391255e-03
-4.071393483036500963e-03
-2.430906456856418187e-03
-1.274391620394437581e-03
-7.133541476131124081e-04
-4.666502792595758446e-04
-3.474871999263485361e-04
-4.690136684041316343e-04
-9.855489028016421911e-04
-1.901710607694730290e-03
-3.178341742561937612e-03
-4.746058532248352210e-03
-6.286916214869843304e-03
-7.260370676055489733e-03
-7.386432500695296055e-03
-6.933736076221979489e-03
-6.377714256445544960e-03
-5.948325914568312542e-03
-5.591469853224050393e-03
-5.178450332519159149e-03
-4.628077492744156647e-03
-3.948335845850391330e-03
-3.279494722820872586e-03
-2.826752296018250361e-03
-2.690030224839371452e-03
-2.780865822720446877e-03
-2.889587896001109130e-03
-2.785239292048984072e-03
-2.305989333777634480e-03
-1.521396468568779210e-03
-8.023044897435076782e-04
-5.605866534742673900e-04
-3.763570109858188455e-03
-3.892429883663205310e-03
-3.804265733626971055e-03
-3.782213629893272505e-03
-3.813248169306534922e-03
-3.665403080114685956e-03
-3.366169765151209338e-03
-3.276731693841850902e-03
-3.643701091070520974e-03
-4.358077537799818699e-03
-5.205441453598221371e-03
-6.067179055511972424e-03
-6.792968101847891155e-03
-7.153850364756519919e-03
-7.072659429906378095e-03
-6.694997212681478606e-03
-6.159280779905508714e-03
-5.493564928643836567e-03
-4.795757995961295525e-03
-4.339957846754150493e-03
-4.381572004239923761e-03
-4.918806280648162221e-03
-5.713762890343036110e-03
-6.450881457512601912e-03
-6.847129778026467446e-03
-6.810070084149133507e-03
-6.510715550314660413e-03
-6.117548346196130353e-03
-5.604558049546932465e-03
-5.033646255262754637e-03
-6.051067019589219387e-03
-6.423820514057857270e-03
-5.928190805828843606e-03
-4.922343258460335630e-03
-4.133821183121349011e-03
-4.013513175607066018e-03
-4.598186481684493274e-03
-5.586918634389797383e-03
-6.323239689648257368e-03
-6.063571385615839845e-03
-4.526545894745871886e-03
-2.124357002049879692e-03
-2.497238758499335104e-03
-3.892540079853895954e-03
-4.477223544610469362e-03
-4.510448214774346980e-03
-4.506035602773939518e-03
-4.989039079842699093e-03
-6.099057531723378611e-03
-7.216451608065448282e-03
-7.253347682676267345e-03
-5.622900177806985401e-03
2.094715288433298545e-03
1.245461174962914606e-03
5.328647213440089112e-03
5.475753588398288296e-03
6.404245312047742063e-03
2.445340434029358301e-03
-1.660855614065473093e-03
-5.034618552152828053e-03
-6.806667941805351341e-03
-7.175693772743663677e-03
-6.839451970884790830e-03
-6.654533846584368383e-03
-7.504228241164014913e-03
-4.984609926766865595e-03
-7.652576824859224670e-03
-8.268158958880384227e-03
-7.493068538304980750e-03
-6.609042515601501466e-03
-6.294359656213992238e-03
-6.390820901484477526e-03
-6.352596491401322695e-03
-5.701013754865364228e-03
-1.182741669449084189e-02
-1.602220340468255011e-02
-1.775931982087743805e-02
-1.683041393529530541e-02
5.733992296964812371e-03
7.404474550646120146e-03
9.214482321496872061e-03
-8.324601035900649690e-03
-7.345851770556308460e-05
-6.175612325547094085e-04
-2.945127730143142202e-03
3.342232784838113438e-03
4.850349278862724038e-03
1.297505645900563775e-02
1.178643810433057867e-02
1.027966669723564576e-02
8.705582171164415878e-03
6.901330542159411774e-03
4.556208886642533658e-03
1.360341393574998267e-03
-2.987534685349986854e-03
-1.567176087604822687e-02
-1.317556758727627536e-02
-9.564877582576021553e-03
1.976708848070520691e-02
2.103402247150460563e-02
1.684451497162835903e-02
1.003038890833163853e-02
4.988296468822345231e-03
2.857045477219692479e-03
5.455597787745319893e-03
5.637853555580780995e-03
5.601611703436723197e-03
5.359434166448715647e-03
4.863461877920753802e-03
4.143815263733967302e-03
3.370623569583439984e-03
2.900569875967814321e-03
3.011437065575987837e-03
3.560260741629840860e-03
4.084078560400393292e-03
4.323608918998578243e-03
4.432540893994109214e-03
4.530473973620103081e-03
4.420656370938072163e-03
3.920657162772872573e-03
3.595186866023748588e-03
3.885120579889443041e-03
4.013172580998789624e-03
4.097520253401863190e-03
4.165720046284408090e-03
4.143483912857788380e-03
3.962707708026154407e-03
3.643825874120528406e-03
3.257635556102871695e-03
2.850794680063696140e-03
2.427338499706704639e-03
1.972173676847154954e-03
1.464607195160720632e-03
8.898141538088861482e-04
2.805984582256533435e-04
-2.553928187110649905e-04
-6.000388801225612061e-04
-7.346648280043514964e-04
-7.502081707316287425e-04
-7.433279237985557794e-04
-7.528675328274306690e-04
-8.037525893588500512e-04
-9.467593344696659729e-04
-1.204855328697477775e-03
-1.519975876347099721e-03
-1.807615186654998145e-03
-2.047464135220162899e-03
-2.284107174942743516e-03
-2.557321754710587848e-03
-2.856480994652913202e-03
1.427278300552675336e-02
1.169268020928844812e-02
6.468070958539679297e-03
1.635417013270302512e-03
-2.427634862176271478e-03
-3.376691928218926008e-03
4.058225808307890613e-03
3.855701511877971440e-03
1.648655773408733063e-03
-2.714487814156657151e-04
-5.517880939169933193e-04
5.330389976779415645e-04
-2.093618805578257962e-03
-3.494865718010196649e-03
-4.052187294472703663e-03
-3.731098721924410843e-03
-2.250382168512404107e-03
-9.764746329366186597e-05
1.756369664239921993e-03
2.779552158265041501e-03
3.214627837475902711e-03
3.416133896689269294e-03
3.326610570565326132e-03
2.707162703869701176e-03
1.698299067945312256e-03
7.340536534568937663e-04
-1.209095130704136191e-04
-1.068433724813564563e-03
-2.029482555953172809e-03
-2.628190034421322863e-03
-2.500754807521336255e-03
-1.590605241744281638e-03
-3.066910037666692630e-04
7.632475115773500272e-04
1.285636204119746870e-03
1.242645019738289249e-03
6.101387042403039630e-04
-6.925962385168770059e-04
-2.420646187992018042e-03
-3.778605994983636699e-03
-4.311018914155209658e-03
1.043299536885002954e-03
2.179464679803022782e-03
2.968175104116961126e-03
3.565992924559364431e-03
3.945350779029547714e-03
3.824095174544099238e-03
2.766873104406201121e-03
3.568107540841690059e-03
4.464387752945984424e-03
5.313157817352988019e-03
6.016826926845309127e-03
6.497416293630792206e-03
6.742744945441241089e-03
6.958026675456497126e-03
7.347764935885322049e-03
7.727549927627447302e-03
7.530959703468425269e-03
6.438270194653473305e-03
4.712636837937525872e-03
2.871757848017077088e-03
1.249763484468264857e-03
-6.219763168916651180e-03
-5.239782835485007687e-03
-3.770340128121240676e-03
-1.913428420176231052e-03
-8.196812534420850824e-05
9.449696418474327723e-04
7.343375435306877426e-04
-2.543080769571801764e-04
-1.061235037639123371e-03
-1.063266806975334856e-03
-3.163402138934936526e-04
7.224861903861339897e-04
1.644936834206055416e-03
2.387643615951964837e-03
3.104624978931205034e-03
3.883594816184846900e-03
4.504256587643234305e-03
4.619327626535997891e-03
4.147598699741600337e-03
3.321238622691716127e-03
2.260794912919317397e-03
8.212777835161014228e-04
-1.035893895824216860e-03
-2.897097466276668271e-03
-4.063078584024665783e-03
-4.091342041264394228e-03
-3.153689422128636618e-03
-1.787770215464883072e-03
-3.892910125492523785e-04
9.402058587961547968e-04
2.212379723630313218e-03
3.261876389392609661e-03
3.674139185953459539e-03
-2.817462910662658308e-03
-3.734485543857055806e-03
-4.036345801635945335e-03
-3.617499162738972186e-03
-2.630777516301758233e-03
-1.419206660565908943e-03
-2.834362963732618441e-04
6.517133654364314944e-04
1.336068365041849981e-03
1.743288552285522826e-03
1.802056674680610655e-03
1.320309836603711633e-03
1.075451055578646557e-04
-1.664719433965911651e-03
-3.388157839812429815e-03
-4.396614399590697414e-03
-4.493840385942481780e-03
-4.042478335929459120e-03
-3.393440766142890620e-03
-2.542246311660672272e-03
-1.306245284836918090e-03
4.524291009917264439e-04
2.775632705289418113e-03
5.446700641335518178e-03
7.924040771025805951e-03
9.642058039444595385e-03
1.034928374432544929e-02
1.007873247563875405e-02
8.970094368941063101e-03
7.311402660766743236e-03
5.503501783257331442e-03
3.750254653310460592e-03
2.045712086888504949e-03
5.982421127085106247e-04
-2.730949886393220852e-04
-5.502292833551147150e-04
-4.860301801805101945e-04
-2.955774925083075669e-04
-1.283524105240123336e-05
4.085831346185317230e-04
9.076777548953561493e-04
1.358728264840829841e-03
1.726851484583557693e-03
2.043106186431218382e-03
2.263026219371677954e-03
2.262003296879556372e-03
1.989114532159601267e-03
1.554057956396641751e-03
1.140453609120704653e-03
8.831378722297647445e-04
8.518922632286434534e-04
1.025250887438785771e-03
1.322710600791788225e-03
1.687506593264616328e-03
2.150054118091593996e-03
2.730568729094950704e-03
3.396509524555397196e-03
4.167237844302375260e-03
5.122633956787242884e-03
6.200743888299884918e-03
7.136986752797105579e-03
7.676656246623021936e-03
7.773875043771649035e-03
7.442664810630725616e-03
6.636609786616686629e-03
5.444310085550053968e-03
4.214431461229305002e-03
3.253574603888669935e-03
2.484625092107913165e-03
1.629113023023753435e-03
6.906300838051171627e-04
-2.171248432851144439e-06
-2.542664931590842697e-04
-1.536964178935321026e-04
1.953523016362062291e-04
8.569449832112016911e-04
1.888105812716586035e-03
3.105360566314163250e-03
4.235278173408593347e-03
5.143225970701757223e-03
5.874932379411568380e-03
6.464069686170170401e-03
6.753491166843780466e-03
6.431530272945170344e-03
5.296235322985350102e-03
3.586990328926811106e-03
1.836144615163965831e-03
2.354686959493770826e-04
-1.461742527067689222e-03
-3.347627305630517143e-03
-4.975636805202249789e-03
-5.633220982549359997e-03
-4.973070729604052095e-03
-3.264540504372375265e-03
-1.096288268529516715e-03
1.063971991353183932e-03
2.911524628299042971e-03
4.262573456166459177e-03
5.119806571162915758e-03
5.620169041566308935e-03
5.847363446480510069e-03
5.674844215960681698e-03
4.884346132880711122e-03
3.390216665972367246e-03
1.439001616213878834e-03
-4.664840835553753749e-04
-1.869421229851772615e-03
-2.566167068022761743e-03
-2.624883065199854794e-03
-2.300891580330047259e-03
-1.880889459307158451e-03
-1.526306410510205750e-03
-1.117745460335188654e-03
-2.609046453087942013e-04
1.375328551705352724e-03
3.623127090656341667e-03
5.908927588864413410e-03
7.883768652105258012e-03
9.652945443974028997e-03
1.139293814173448181e-02
1.293771565573898115e-02
1.388840081583476993e-02
1.398018253770803854e-02
1.322280240274715732e-02
1.174774920729778835e-02
9.691893995356984370e-03
7.229627941342820288e-03
4.513855769664123878e-03
1.647945478866804769e-03
3.889754673735280281e-03
5.226432326959161608e-03
6.102441985658761323e-03
6.422152755136883995e-03
6.459082200886060061e-03
6.554793192907029491e-03
6.896585894331303673e-03
7.520803905352296988e-03
8.353698522119182637e-03
9.246509773039937596e-03
1.004931432308360517e-02
1.065070388020431143e-02
1.097568629275353334e-02
1.093326385773593819e-02
1.040948074224460652e-02
9.263281848671603425e-03
7.444980210684465013e-03
5.261549690878726537e-03
3.361829120746609532e-03
2.242865901560958837e-03
1.773013278804239177e-03
1.388126695244299358e-03
6.693820769455133789e-04
-3.522289497844938947e-04
-1.394112494239222984e-03
6.112599415638230241e-03
6.500101906077438221e-03
6.359562575588920304e-03
7.660547352842456831e-03
8.956699336397503861e-03
9.632016163604810444e-03
9.431197377684445021e-03
8.228599670446307482e-03
6.230698830683167010e-03
3.105507127589686618e-03
4.327914925388496280e-03
5.470162630937101811e-03
6.114466806866137097e-03
6.138497519834249135e-03
5.690355730207999341e-03
4.642961914604110465e-03
4.796131291793317292e-03
4.393624786677128441e-03
3.664687932982895174e-03
2.803171541611516188e-03
7.243378955312240741e-03
8.486025438033326096e-03
9.127123372357333342e-03
8.885124324505186064e-03
7.806767549974352564e-03
6.175081570912107319e-03
4.341980868168603472e-03
2.728320319053146540e-03
1.764738911272827017e-03
1.545837745452431980e-03
4.638105340018482126e-03
4.879544834455826902e-03
4.785471513805499358e-03
9.373042540496440839e-03
1.345087350950253252e-02
1.663396300728777616e-02
1.881407209797499730e-02
1.961369935196460856e-02
-9.367821452714863995e-03
-1.090401188322966640e-02
-1.042522347770423637e-02
-9.599618589675468910e-03
-9.318092670636102248e-03
-9.549848516907877283e-03
-9.712837162738859054e-03
-9.105400314944597784e-03
-4.866183301180599177e-03
-7.014328611342023241e-03
-8.189711360620802877e-03
-8.433728184974537134e-03
-8.266637456269172041e-03
-8.204784413564213813e-03
-8.284623866569829423e-03
-8.055947279218218793e-03
-6.876667828519219747e-03
-4.379374682851808198e-03
7.599899157802477920e-03
1.017805679765976939e-02
1.182725054330812514e-02
1.205235502206045833e-02
1.103564298009417598e-02
9.033592598390208922e-03
-1.206113882237570736e-03
-2.714961565126776215e-03
-4.706374825667851078e-03
-7.178357705875708372e-03
-9.208236220468943301e-03
-9.730051610918171931e-03
-8.399942447141092033e-03
-5.823188993025004215e-03
-3.027972789416613977e-03
-9.331665313290907812e-04
-2.433261244145804795e-04
-1.135238836792118672e-03
-2.947822432449664735e-03
-4.540760713600528083e-03
-5.062256697130473361e-03
-4.527149085244019586e-03
-3.849201075414674517e-03
-3.964817121902578997e-03
-4.747916862771197830e-03
-5.148303891944721114e-03
-4.479710320613766901e-03
-3.028972313072523202e-03
-1.407582971149048869e-03
1.485940826887405600e-04
4.646319092833393199e-03
5.408441251097182920e-03
6.058080943611855729e-03
5.736106091050062819e-03
3.887725597581489796e-03
1.085005103772887416e-03
-1.411565644095011526e-03
-2.782336764469239918e-03
-3.167178173739920114e-03
-3.264755334499576736e-03
-3.588138445858125858e-03
-4.149329685675936380e-03
-4.697311816872362308e-03
-5.000668526270803625e-03
-4.848870510501421434e-03
-3.986331763427674452e-03
-2.413738809174901037e-03
-7.650754209114681579e-04
1.151395377402663744e-04
8.511609754444202265e-06
-5.912569824616729615e-04
-1.130109099103341870e-03
-1.481241496356741193e-03
-1.719493072060846546e-03
-1.692860239499268532e-03
-1.145373716488693556e-03
-2.115175625887347546e-04
2.798973031424580558e-03
2.421460776188522589e-03
2.728909191201182340e-03
3.788156112909231866e-03
4.779243359833235984e-03
5.349441235933239010e-03
5.242317484522756796e-03
4.421255105083650785e-03
3.177699008439038072e-03
4.297807902732203068e-03
5.674197831085101527e-03
5.902369924997876230e-03
2.764667144181211841e-03
2.764890863976052909e-03
2.602445925017063053e-03
2.112042142371543980e-03
1.439918182666135357e-03
1.092299960634272350e-03
1.406414407322206274e-03
2.086391538026094970e-03
2.735949832405605922e-03
3.335010662817159896e-03
4.083840449998734495e-03
4.958154674777563893e-03
5.667760415643519588e-03
6.063702064030984315e-03
6.188685340521232064e-03
6.124089023717525435e-03
5.947847202235590283e-03
5.595121475640253521e-03
4.965075683879368283e-03
4.230135923049681279e-03
3.773547310168653274e-03
3.827899471161896883e-03
4.257038723017647804e-03
4.812896414216608597e-03
5.414799831585875335e-03
6.127212832532104823e-03
6.902658382892819765e-03
7.544064412012945094e-03
8.047211241872125054e-03
8.396896373738811648e-03
8.238722546938170507e-03
7.336378988284862103e-03
5.750622583346549389e-03
7.678863963993662854e-03
9.401898895305063272e-03
9.293219588869118530e-03
8.458230009970695018e-03
7.795747007612098892e-03
7.411706630461745854e-03
7.199708796186091858e-03
7.094643817939343296e-03
6.902205627399512350e-03
-3.418659140431414001e-03
1.987310017835062365e-04
2.493441889092398549e-03
2.422309222030491309e-03
1.572335768469240724e-03
1.699632405137164234e-03
1.986416278854874918e-03
1.852142776240974040e-03
1.302107513188868401e-03
4.964257399418781601e-04
-4.550032258731600675e-04
-1.310435730302608520e-03
-1.588133534436357401e-03
-1.054426369902462194e-03
-3.552797644902267772e-04
-4.593908260919644243e-04
-1.745552692465760121e-03
-3.913715992397717724e-03
-5.500324328575358773e-03
4.768853127468842754e-03
4.602065676513894185e-03
4.071641860429865353e-03
3.816604161062277147e-03
4.259349420038990516e-03
5.175234233794928640e-03
5.805349509708103428e-03
5.507236346619894668e-03
4.020627868261135440e-03
1.641695673005542661e-03
-7.531652238090701026e-04
-2.551108782855304735e-03
-3.584709420982972166e-03
-3.721586506980385008e-03
-2.355096301398400260e-03
-1.780359274629195057e-03
-1.214912164950718082e-03
-1.944826028963176669e-04
1.297225879257207131e-03
2.776747538027065591e-03
3.868881723667811669e-03
4.432470908193502160e-03
4.411036042225460231e-03
3.836021081272926545e-03
2.887972484223444262e-03
1.920404833686928424e-03
1.348549643129132516e-03
1.282499203297863231e-03
1.389733145638499725e-03
1.214083876950052205e-03
5.526496681232679741e-04
-3.783593253531005677e-04
-1.170279403520883789e-03
-1.622105615869711770e-03
-7.822905871862420590e-04
-4.434946428884996034e-04
-1.799884262599711800e-04
5.978698521914465377e-04
2.367893145729189387e-03
4.866194443932018651e-03
7.192455851309226614e-03
8.636401029563683246e-03
9.154558045833099608e-03
9.155913510512699721e-03
9.114791553432588511e-03
9.405147808267838930e-03
1.026682157285405128e-02
1.165587406664438976e-02
1.314209150314283626e-02
1.415328436110423194e-02
1.436642079414528553e-02
1.376115456392246368e-02
1.245787075129795550e-02
1.073504679626803571e-02
8.978052182361454317e-03
7.446048248923742979e-03
6.150081803791020672e-03
4.926342668764251663e-03
3.583297212073707598e-03
1.978673088998139391e-03
1.256423981068665111e-04
-1.695709998246730174e-03
-3.023302396332484474e-03
-3.567174057981437572e-03
-3.320741770168752875e-03
-2.478461552406734884e-03
-1.501250241261085092e-03
-9.312137076522089291e-04
-9.419598921844999154e-04
-1.202152744276526429e-03
-1.212230251482591383e-03
-6.299380806500266133e-04
6.182287777381147587e-04
2.296071261417743144e-03
3.803805468581789636e-03
4.413216872105421053e-03
3.780944599762279396e-03
2.302550732215840473e-03
9.217665987292060492e-04
3.235857623911226038e-04
4.181489848171331385e-04
6.244310347129087072e-04
4.289853901891429316e-04
-2.383320215394562616e-04
-1.072072670833970273e-03
6.112390827811897687e-03
7.908715308545647554e-03
8.636246254949898199e-03
8.598824892780652929e-03
8.341058937194376077e-03
8.166643489802703076e-03
8.002980334794105449e-03
7.611799261022737101e-03
6.780572293283550558e-03
5.358296522040060725e-03
3.288406913049638728e-03
8.409502108159300649e-04
-1.197990201290126617e-03
-1.926852702278585711e-03
-1.028262613019830917e-03
9.881502023516804730e-04
3.196962479662542999e-03
4.808587816779221966e-03
5.492600618911326962e-03
5.393945617249025146e-03
4.764508652798932729e-03
4.190195831633219611e-03
3.552389189454748311e-03
2.913560504279566390e-03
