# X Std (Calibration)
4.436453458126854519e-04
4.332241419612653998e-04
4.240252948400371710e-04
4.187274904332370759e-04
4.174439133138208740e-04
4.183873184476943658e-04
3.612406762189117348e-04
3.584526597435167515e-04
3.587215405362787109e-04
3.625483071413077474e-04
3.663660361877754549e-04
3.653164644683043905e-04
3.182612023752460313e-04
3.164028053618978009e-04
3.120731511417498372e-04
3.079354800568697022e-04
3.073009340277433211e-04
3.109332588470468776e-04
3.169409741046450208e-04
3.225327753325861056e-04
3.258655597878978372e-04
3.274307411600465580e-04
3.289174550438067482e-04
3.304077718219487563e-04
3.294553455387264659e-04
3.235684881773113900e-04
3.137995301989078578e-04
3.046760612274219851e-04
2.997799959361808196e-04
2.989949410934399565e-04
2.997857887062253335e-04
2.991258087515398793e-04
2.960046081416096010e-04
2.929679993298176161e-04
2.931528077455654497e-04
2.960513353424095774e-04
2.981529021407065263e-04
2.973418689397841247e-04
2.954345750936197162e-04
2.954910495120639845e-04
2.976187770308136435e-04
2.774369544966410594e-04
2.672361893786356175e-04
2.574035870570626997e-04
2.487436866156395618e-04
2.422803741312848358e-04
2.389652183350658742e-04
2.385722423341659368e-04
2.396040827982495172e-04
2.425324583413790663e-04
2.497886180956878873e-04
2.605934199093399282e-04
2.715016087134647805e-04
2.800250255739165635e-04
2.841160750079598602e-04
2.818717259013325859e-04
2.742740444635717915e-04
2.659757367998611408e-04
2.611095973614775407e-04
2.599104398726609973e-04
2.605349435001619329e-04
2.617580509861483647e-04
2.628402445698861775e-04
2.619864665948301780e-04
2.577485654634655747e-04
2.525458480176744351e-04
2.505042275452193466e-04
2.513831437919961478e-04
2.518300536698904512e-04
2.504553386572037476e-04
2.478403283901106082e-04
2.443152850646328092e-04
2.408470766783455644e-04
2.403218251235116087e-04
2.448457731445026204e-04
2.529045127227835311e-04
2.605752875157769520e-04
2.653267987272212719e-04
2.683535612290164772e-04
2.718237265033283923e-04
2.748122034326878882e-04
2.743501514085086969e-04
2.697138469324954191e-04
2.628648362537157660e-04
2.549134388703690321e-04
2.458551879001725908e-04
2.377972073698148014e-04
2.342729096509247038e-04
2.354363149056874641e-04
2.375648545421616732e-04
2.383960131382052174e-04
2.388742107088564538e-04
2.398278496082628588e-04
2.413979348183781085e-04
2.452007548873971093e-04
2.523793931651097935e-04
2.604028385762950106e-04
2.658885017295705821e-04
2.686510990880296244e-04
2.698132792247484525e-04
2.691094995194558701e-04
2.659790335034727918e-04
2.614958373698890752e-04
2.576805464445301817e-04
2.546916462817389861e-04
2.515905488293360853e-04
2.497874621836313315e-04
2.517602854331552086e-04
2.571474125812750217e-04
2.629230625053058119e-04
2.663623988174874122e-04
2.663073778644091112e-04
2.641900654980041318e-04
2.642411196767311104e-04
2.691402822127434238e-04
2.764996803429684686e-04
2.820534665348913852e-04
2.847058631816492646e-04
2.871417643186965300e-04
2.912675374113251866e-04
2.957581572804011288e-04
2.984022522457150045e-04
2.980925615803822044e-04
2.961692058232030886e-04
2.959664193362235600e-04
3.001404046337757142e-04
3.093969568187500754e-04
3.217442653217312751e-04
3.331877339312005158e-04
3.412502879630685115e-04
3.459920999972884346e-04
3.473832788993522257e-04
3.451550193293555918e-04
3.405081100653965212e-04
3.350857726261570577e-04
3.296610083072161078e-04
3.248819575229991040e-04
3.216701412582547424e-04
3.212458270994088781e-04
3.243074246669255638e-04
3.294685576517825771e-04
3.336062400740767383e-04
3.348778722480498559e-04
3.347672192313593323e-04
3.365516484566732696e-04
3.426189218137041907e-04
3.523360358340500514e-04
3.623520522141171203e-04
3.701510281749460329e-04
3.770201472392225423e-04
3.858352373306492820e-04
3.953603465393422888e-04
4.012259067176506227e-04
4.033523591963471960e-04
4.064204083752508264e-04
4.123120054986700064e-04
4.182534980966092007e-04
4.232560391410968318e-04
4.301563013346424661e-04
4.396821183893617866e-04
4.479542704716626186e-04
4.516703848004912118e-04
4.517034904674206599e-04
4.500674993415053316e-04
4.472614405159156957e-04
4.439349926888092415e-04
4.409768442512675699e-04
4.371844228883957090e-04
4.297771144078689227e-04
4.187576454378661469e-04
4.092213703307200599e-04
4.064921567283924140e-04
4.108318511030851009e-04
4.191014809544819269e-04
4.293314088292987836e-04
4.408453872276283107e-04
4.508440033178646414e-04
4.562348840724511742e-04
4.587939265833004669e-04
4.631825020586997064e-04
4.696591753105915481e-04
4.740868467441105107e-04
4.753805823364987029e-04
4.770981505750059872e-04
4.827064656162231046e-04
4.927163467098602881e-04
5.057680373431185875e-04
5.198793197247698807e-04
5.326116679525967710e-04
5.421812488246647351e-04
5.490830116918493263e-04
5.555486617772344669e-04
5.619309082510480285e-04
5.648469703558327195e-04
5.627776063446164254e-04
5.604520007439039823e-04
5.629273638201570109e-04
5.707989641704351884e-04
5.827642224050547061e-04
5.973985809518096235e-04
6.127693856060229026e-04
6.253618550548090257e-04
6.305130372875646094e-04
6.264405800111375608e-04
6.190186797242242141e-04
6.193532860697630428e-04
6.322917188264496387e-04
6.504438934853065809e-04
6.622525494418034708e-04
6.625700237685798986e-04
6.563291439470882822e-04
6.522710196749812112e-04
6.537121212974507942e-04
6.589734962027410945e-04
6.669833607625886467e-04
6.763712449444802188e-04
6.832052808898363356e-04
6.847652088778274091e-04
6.827498897756805081e-04
6.818041781155182585e-04
6.862836122280502544e-04
6.975639151150181622e-04
7.136563950981772778e-04
7.304419601709210381e-04
7.436283278131873781e-04
7.520280117423084774e-04
7.581709193142546722e-04
7.648338953208471108e-04
7.732890573002965898e-04
7.828252929860903724e-04
7.912721467693603194e-04
7.963516373546958684e-04
7.958171009768581555e-04
7.885458877940109204e-04
7.767699394817669748e-04
7.654546750817116081e-04
7.580184156004000744e-04
7.543213967294731294e-04
7.536516690927234311e-04
7.572289327170380257e-04
7.689476016535036788e-04
7.916664994990426111e-04
8.218942898354728846e-04
8.531329540596844889e-04
8.823762288193002417e-04
9.098561704877822145e-04
9.354073424953676490e-04
9.561115586519624123e-04
9.675517978724653420e-04
9.690361765972199714e-04
9.659891826661471791e-04
9.633270438289030053e-04
9.591928295479956040e-04
9.502543186208912670e-04
9.394456451218388855e-04
9.335268830783800126e-04
9.364953663078323448e-04
9.487373705389426891e-04
9.679804877707834116e-04
9.892741829326809951e-04
1.007990306150863833e-03
1.023159983328935469e-03
1.035669663796882824e-03
1.043776095961196403e-03
1.045276730978446107e-03
1.043155247516663886e-03
1.043638740760055670e-03
1.049620912775505593e-03
1.059708156968120710e-03
1.071550543691965254e-03
1.083057197719026598e-03
1.092131212680050095e-03
1.099391617470050478e-03
1.110079613535240768e-03
1.128341452998820899e-03
1.152154657378305939e-03
1.179924171342663962e-03
1.213596846218695756e-03
1.247840057409157133e-03
1.268140982366061610e-03
1.266825236900684902e-03
1.251419471716841295e-03
1.234030257701388333e-03
1.220244380756078679e-03
1.210642908700164649e-03
1.176153051553681340e-03
1.163481772708783741e-03
1.164835280313077136e-03
1.179336688190994438e-03
1.200975978307214712e-03
1.225522824893573960e-03
1.252935459626674988e-03
1.283969771663360853e-03
1.313297540257863348e-03
1.333271100076385352e-03
1.345285720074595754e-03
1.357626737517703391e-03
1.374854836562547106e-03
1.395554884491165878e-03
1.415673685405208822e-03
1.432303575447124852e-03
1.445345295274385461e-03
1.454095862545699228e-03
1.456418269953666097e-03
1.453749870852882485e-03
1.451478502800574149e-03
1.454073777236599254e-03
1.461951422573570933e-03
1.473170808945037250e-03
1.487260500801322301e-03
1.504542356057216035e-03
1.520846431525836942e-03
1.530752281717152885e-03
1.538286183583467259e-03
1.554150519142568796e-03
1.599411125575696995e-03
1.587380019178130652e-03
1.566378658554702956e-03
1.542606973758131605e-03
1.519912230302645226e-03
1.502445901386434933e-03
1.495543177964170096e-03
1.504223932622114146e-03
1.529619285998855098e-03
1.563707415696399946e-03
1.594422398760982204e-03
1.620037721894345036e-03
1.718266622818021743e-03
1.684104321319999540e-03
1.646342131527078582e-03
1.614968660037346872e-03
1.599059816927303262e-03
1.601271283093652284e-03
1.618652431043086145e-03
1.649662045453944518e-03
1.694119753532832059e-03
1.746772920116660549e-03
1.636117870255741468e-03
1.636727425045058108e-03
1.891030279848056545e-03
1.762809941301381623e-03
1.673755812562616012e-03
1.706840699787327527e-03
1.708180665861017914e-03
1.684676848396768822e-03
1.634831443594227541e-03
1.555779336937613850e-03
1.446138714462392050e-03
1.306500209001134911e-03
1.177038537629892037e-03
1.389869733431632658e-03
1.587258871988057093e-03
1.800554518998253662e-03
1.969855265207241975e-03
2.040428981264497121e-03
2.005651404715997049e-03
1.909369051102210524e-03
1.800713846425262788e-03
1.687924755762148545e-03
1.148113920359722330e-03
1.200818284405379219e-03
1.315810776407210165e-03
1.402389133472082541e-03
1.198734984064365279e-03
1.132425903866775751e-03
1.092904398705688267e-03
1.359893303991222858e-03
1.395267175369766617e-03
1.335287432200614596e-03
1.180874047341451448e-03
1.237366384079360707e-03
1.099865586593368281e-03
1.518507249379673482e-03
1.565253975375874209e-03
1.546280509062692744e-03
1.477738755170704540e-03
1.395396779037180821e-03
1.310807463987504222e-03
1.208210537879003199e-03
1.101775755869761246e-03
1.088681197356248945e-03
1.121355779247495618e-03
1.144295991765093912e-03
1.341752680507074828e-03
1.317041274141028803e-03
1.357562069901346955e-03
1.492317497721063965e-03
1.663126011287062878e-03
1.793297125192604667e-03
2.613770418872788086e-03
2.839413199019697690e-03
3.055162637986428165e-03
3.270645732228663963e-03
3.430736033288066950e-03
3.523574961298326768e-03
3.611033877255488776e-03
3.737123454440157127e-03
3.892341566964433851e-03
4.065936728150075855e-03
4.278813718350385487e-03
4.541755342746511478e-03
4.835437531390707200e-03
5.151519557280949922e-03
5.498855274355111955e-03
5.857234370370103735e-03
8.265230478289080362e-03
8.275313363715291679e-03
8.264146414703155488e-03
8.218681449386542118e-03
8.133479811994590372e-03
8.015719762876986551e-03
7.868673915030644644e-03
7.690256441431745672e-03
7.486363471816131522e-03
7.265960344530181421e-03
7.027137057477778753e-03
6.765394475118577389e-03
6.488373021573437885e-03
6.208294083481695133e-03
5.928161610101016950e-03
5.647753632521333202e-03
5.374485063839025238e-03
5.115557213806144407e-03
4.866399322798000554e-03
4.618625840040324095e-03
4.373952944301606055e-03
4.140416851948124956e-03
3.920202381830088616e-03
3.710697571565902460e-03
3.513227697767096983e-03
3.332187461955653761e-03
3.167370851154584829e-03
3.013426006535462314e-03
2.866410903746750838e-03
2.725537837048458423e-03
1.082331951755965559e-04
1.035794663517128811e-04
1.054147952112049943e-04
9.184307024773305376e-05
8.365516662423243515e-05
9.005189326909979750e-05
9.089056781414556142e-05
9.545816879921368127e-05
1.056689822287426686e-04
1.090773146310272315e-04
1.091003295860438230e-04
1.178824022989740077e-04
1.503023704932271876e-04
1.033678240188941767e-04
8.850919500502319934e-05
8.602225127797131457e-05
8.451673122472312118e-05
8.040943440363857136e-05
7.455184417419170255e-05
6.943001805285093947e-05
6.875315702348923331e-05
7.274874299561417306e-05
7.693363103750991514e-05
7.891120756425205841e-05
8.043872690931349494e-05
8.374478837354331739e-05
8.972032097083771913e-05
9.755490888839538066e-05
1.035701437352277261e-04
1.038905576279285971e-04
9.840985165917115018e-05
9.025766837756004442e-05
8.289718760854671541e-05
7.897124843628741133e-05
7.923803350085960046e-05
8.097840066893892744e-05
8.012846134719104317e-05
7.533388176450866362e-05
6.906730048316915712e-05
6.488781067291053207e-05
6.453768294941922149e-05
8.744493607345584787e-05
8.589962184878332130e-05
8.297676822269117627e-05
7.956366304374807674e-05
7.722725594376594817e-05
7.797497751140857814e-05
6.751844236218416853e-05
6.321101114995385966e-05
6.093890151823361852e-05
6.089013153090785734e-05
6.243725947707314092e-05
6.465945945270775081e-05
6.668369801931706858e-05
6.766863841456100621e-05
6.737881603577492763e-05
6.670860318873317264e-05
6.674526267773082965e-05
6.747782927792305568e-05
6.828906968327290135e-05
6.885683441131996573e-05
6.914019829305865497e-05
7.285872353270784032e-05
7.197569916030347890e-05
7.104562814867690769e-05
6.986241878751280911e-05
6.878377053444632914e-05
6.832462155998604851e-05
6.836839948951138363e-05
6.853185163776531210e-05
6.847596979097621348e-05
6.804751552484929818e-05
6.761140815578671611e-05
6.765427880016825434e-05
6.831261037531438445e-05
6.932940639884571448e-05
6.998570957760979268e-05
6.962741166558060089e-05
6.847899589954279558e-05
6.740791477253071473e-05
6.702297131293769711e-05
6.732993671547110451e-05
6.798631738745051860e-05
6.843216837996985010e-05
6.803861140859648242e-05
6.664196049230464321e-05
6.479620074473429277e-05
6.323169859109518726e-05
6.210328222789145950e-05
6.099322005670146845e-05
5.963450399596461710e-05
5.834519629180333897e-05
5.761961281868560651e-05
5.763561201045540918e-05
5.827049401419848206e-05
6.175433461716728627e-05
6.483888543877570356e-05
6.887698161150305543e-05
7.264465084776343775e-05
7.562504798865536226e-05
7.732328822812125247e-05
7.721099100778538332e-05
7.571713247487633133e-05
7.410324267815374133e-05
7.304054963507769103e-05
7.217191445923687378e-05
7.093157630984780104e-05
6.906753853455861660e-05
6.667516851791210279e-05
6.435277693314764205e-05
6.343823319502267044e-05
6.524017888235995291e-05
6.930932241789425938e-05
7.344533646031365650e-05
7.589321307315795371e-05
7.646754663949771700e-05
7.567217941955809845e-05
7.408380222581625548e-05
7.247715576534783570e-05
7.146284748823014807e-05
7.095641750408419131e-05
7.023004196414501913e-05
6.856292060973458863e-05
6.592155970402662347e-05
6.291286095147617804e-05
6.029634910260636070e-05
5.928531451871606986e-05
6.168276865675884481e-05
6.800878870665672373e-05
7.646304089188765728e-05
8.491305770220540494e-05
9.225297918978441500e-05
9.812492396717087861e-05
1.024330946909623465e-04
1.051549037981156697e-04
1.063721703472822504e-04
1.062418424964346107e-04
1.048136487801514834e-04
1.021474703011957972e-04
9.858438237162983229e-05
9.472159107621330048e-05
9.126256191754041969e-05
8.878132733650657645e-05
8.739194235852464608e-05
8.665767401712577049e-05
8.613790191390034050e-05
8.592311920093571311e-05
8.633475845716686724e-05
8.722346559667592072e-05
8.803608820593116120e-05
8.848914232179491929e-05
8.871807397343230584e-05
8.894824950064041992e-05
8.930769470723419359e-05
8.988764320400018147e-05
9.062532972564089526e-05
9.099167996469736442e-05
9.021266016315281815e-05
8.811535102941649134e-05
8.537875950956474590e-05
8.277677104884428774e-05
8.047546640283259232e-05
7.820181370120951299e-05
7.584492043341794750e-05
7.380342001885304272e-05
7.273273731562777662e-05
7.287492426473387436e-05
7.400729888388569728e-05
7.575680076992067995e-05
7.779106749370844499e-05
7.993781097119682997e-05
8.218200987364612429e-05
8.418940792636644933e-05
8.534987332509749996e-05
8.552992723937920499e-05
8.508586541172442202e-05
8.427649558642899520e-05
8.278040308935759100e-05
8.034292852346322001e-05
7.752585491211165753e-05
7.554790944002899480e-05
7.521792292255529637e-05
7.634497904648392564e-05
7.808180569564393656e-05
7.955459497252734551e-05
8.025714825644373002e-05
8.041127117966949921e-05
8.084940248898300394e-05
8.198718275407021808e-05
8.323032005315047349e-05
8.346916935408613049e-05
8.221016246000092411e-05
7.973588396567341343e-05
7.701106004784003044e-05
7.499436778351815241e-05
7.381836082079361663e-05
7.280462383251525699e-05
7.143155182431995011e-05
6.994517865249500095e-05
6.879960009248522806e-05
6.786546501046635948e-05
6.666837909618102088e-05
6.532287253473460439e-05
6.445795657289111146e-05
6.434170740025966628e-05
6.453459197008010802e-05
6.461757987154023827e-05
6.494790651684768500e-05
6.619748899369559572e-05
6.853124936433889567e-05
7.170130476725110542e-05
7.518253793411414988e-05
7.803354608460947401e-05
7.934247278303999920e-05
7.884915943443351373e-05
7.693352121098617172e-05
7.418080926182859483e-05
7.117364500740385618e-05
6.847584564954428384e-05
6.654260839856498098e-05
6.543493264384775464e-05
6.482109070209215345e-05
6.444854142569506625e-05
6.454777565891240201e-05
8.644655970205594796e-05
8.737103181146437935e-05
8.850368898442794396e-05
8.938338184455417999e-05
8.946533765945742652e-05
8.845133324033419594e-05
8.627684840176425929e-05
8.312210054387339248e-05
7.961106125808070091e-05
7.641303128339979546e-05
7.363829438500580857e-05
7.114726512666801734e-05
6.912229523314277640e-05
6.795907542245334854e-05
6.771235825221754226e-05
6.805325336037092556e-05
6.873932426990325391e-05
6.984592643915621803e-05
7.152504960610733874e-05
7.371346137793489809e-05
7.612271487126984681e-05
7.821469167933189979e-05
7.926515439647498283e-05
7.900841319459267660e-05
7.806470249863848773e-05
9.780166695875831698e-05
9.808409657792648776e-05
9.919398985515493871e-05
9.755286037751518115e-05
9.462566769835340386e-05
9.200524200605934117e-05
9.057745061666474737e-05
9.100074979441878935e-05
9.321595737515238887e-05
9.878962949664504237e-05
9.564862764926714402e-05
9.328129391222682179e-05
9.231977659547951453e-05
9.253347972043709721e-05
9.329810013915124382e-05
1.021365944134459269e-04
9.892791565823125450e-05
9.684102511810838870e-05
9.565383483877410689e-05
9.543002669492518688e-05
1.124352376796071190e-04
1.091211231170623902e-04
1.057359060465799425e-04
1.027510179801762190e-04
1.003639276574751698e-04
9.849207497149005354e-05
9.710539817236031688e-05
9.650727765101158701e-05
9.705819719446741138e-05
9.877533972026952282e-05
1.108623955890128648e-04
1.098042570427228755e-04
1.096644884512665882e-04
3.149502003451689334e-04
3.088640284840821204e-04
3.042263602145288837e-04
3.059817962745970776e-04
3.161809522982077366e-04
3.051676068054694929e-04
3.208977888575461268e-04
3.370559580753261638e-04
3.397020796463726621e-04
3.275089561905546957e-04
3.094008114101533540e-04
2.970639050015991310e-04
2.976335429157629122e-04
3.769105371359810874e-04
3.824092296908138990e-04
3.843178966742521693e-04
3.833695112531672377e-04
3.786014347723803725e-04
3.660706653416550584e-04
3.471815260750772268e-04
3.286865174071904603e-04
3.153239797765302558e-04
3.095073821105939153e-04
3.426160864845096722e-04
3.535841570214209796e-04
3.740413502385821470e-04
3.968775077668465425e-04
4.149555957484731233e-04
4.266329084692273938e-04
4.181487657843370063e-04
4.095463716416394449e-04
4.046780792206585743e-04
3.983192845398865587e-04
3.871762357174852250e-04
3.761277820769780202e-04
3.729093755446208358e-04
3.805728018198700226e-04
3.944293754639553512e-04
4.088389634396468733e-04
4.225686460832321720e-04
4.352026759490234642e-04
4.445678498281886563e-04
4.476245455623589428e-04
4.436934633215645950e-04
4.367099029109082812e-04
4.309712159359027758e-04
4.280374496601594032e-04
4.303544229948817225e-04
4.394639205273879481e-04
4.515205303696918633e-04
4.619506029467950652e-04
4.684085717097622868e-04
4.691202461490304740e-04
4.376165580456113408e-04
4.336147709159062793e-04
4.335934318942286808e-04
4.355022873353147131e-04
4.386629403099071771e-04
4.427733102374566934e-04
4.473578584052765000e-04
4.532907430335019329e-04
4.627921864768173963e-04
4.750058544312258822e-04
4.851442165225531037e-04
4.891025634136516101e-04
4.856762155601388473e-04
4.765571039381732380e-04
4.656949723157715205e-04
4.585336760318390248e-04
4.599775578769887767e-04
4.706058436183327138e-04
4.857904618646971995e-04
4.991314735851528532e-04
5.059693534071411100e-04
5.058466095025767814e-04
5.033404627549683662e-04
5.027754864942945122e-04
5.046255219378871981e-04
5.104497211568219265e-04
5.231724319136057087e-04
5.590694344034670112e-04
5.673540986505057901e-04
4.315518560958175160e-04
4.290955252671574036e-04
4.293883706389587090e-04
4.271652956111876218e-04
4.144947708613704019e-04
3.951244028765429515e-04
3.862017744502728163e-04
3.502983734477854174e-04
3.932967103911359005e-04
4.501587669548271571e-04
5.547166439277515263e-04
5.695911248498646473e-04
5.811171036952492456e-04
5.644150740266419899e-04
5.271399717509038475e-04
4.987129812069400307e-04
4.878044414353692091e-04
4.762720021167477186e-04
4.489779059369193213e-04
4.106152128340690246e-04
3.751135380130716460e-04
3.474462653659765956e-04
3.191910368996725270e-04
2.819782595623171722e-04
2.424176638829873007e-04
2.143578237514717733e-04
2.011866777295284845e-04
1.977283384878776075e-04
1.988832277317930991e-04
2.013830028666988958e-04
2.042676226211295406e-04
2.060946253294268125e-04
2.024035267698328386e-04
1.905507152401980111e-04
1.761657012875695921e-04
1.671985390137067093e-04
1.646456309620542447e-04
1.643352785092083083e-04
1.635447183303797756e-04
1.666777009015212605e-04
1.792991219832584609e-04
1.977335142580300255e-04
2.166128267394858500e-04
2.862506953499559378e-04
2.838822273512042727e-04
3.060477636347791008e-04
3.291093676191035708e-04
3.348027161418114716e-04
3.227197813887312371e-04
3.021517308251445025e-04
2.785125669526960189e-04
2.505491636821237660e-04
1.647873846171630759e-04
1.607707672937155646e-04
2.144194715282379587e-04
3.284440709392679163e-04
2.994915264694770454e-04
3.230874492124998854e-04
3.550869565794252170e-04
3.756593871064933202e-04
3.864223448619425860e-04
3.861489074573054288e-04
3.671593501805639481e-04
3.291483769394230614e-04
2.849368276665538479e-04
2.485760763863970177e-04
2.227071488631325894e-04
1.993867029748952458e-04
1.718376955374033223e-04
1.434555919947518455e-04
1.283411917606650150e-04
2.196757152371560818e-04
2.495808651255362648e-04
2.632266260880014065e-04
2.644206344940920519e-04
2.632178988444413116e-04
2.625978310263992724e-04
2.559236412778655764e-04
2.364577952705841440e-04
2.087308566023173060e-04
1.849640408586757361e-04
1.700510276432855847e-04
1.599523303867387625e-04
1.524197587163171142e-04
1.483416639817310286e-04
1.452940153753030494e-04
1.418775299163600029e-04
1.363476758307170605e-04
1.320929584236449946e-04
1.311322171045292370e-04
1.305882063140302628e-04
1.276970454920599285e-04
1.237484031587128975e-04
1.210262051146013187e-04
1.190674579556785367e-04
1.160541395991376124e-04
1.122152626062135713e-04
1.091214770417481592e-04
1.064322218573219425e-04
1.024051337971353240e-04
9.727927602199700841e-05
9.394684273069071683e-05
9.544267223914546514e-05
1.001282834540296717e-04
1.027539360932336050e-04
9.738504182954579858e-05
9.480916766971332513e-05
9.293497769049083757e-05
9.236211452967088402e-05
9.222864233948463355e-05
9.203507903518812542e-05
9.176319355639887712e-05
9.096060511890962069e-05
8.939192362309220487e-05
8.775789619737808854e-05
8.724613553613351600e-05
8.817942577240252071e-05
8.926689998592116462e-05
8.917049662862062140e-05
8.817339406484477201e-05
8.709094824094983946e-05
8.598652585458653214e-05
8.485099757060182355e-05
8.443661436142424460e-05
8.562175799815983023e-05
8.823937452948871457e-05
9.085134573293543252e-05
9.196605590529267687e-05
9.112932245946432348e-05
8.875036643471791197e-05
8.559167203659160566e-05
8.281753274576639625e-05
8.203067212530289567e-05
8.389219777247964292e-05
8.677771715139085676e-05
8.880028099424689010e-05
8.978515594409423493e-05
9.052349061227847832e-05
9.161361761490826369e-05
9.306574176536025293e-05
9.432360451392651757e-05
9.456222462922973413e-05
9.342111167647602183e-05
9.157902205225022893e-05
9.019532572005630009e-05
8.978942742910581208e-05
8.996418100787335729e-05
9.038845686988690919e-05
9.152070716096034138e-05
9.349550610317550713e-05
9.523902624751709998e-05
9.568711709160252095e-05
9.507494505070803717e-05
9.477144296236854500e-05
9.581029737243321588e-05
9.789383314612239715e-05
1.021335945104361395e-04
1.003811658942307391e-04
9.755482624505141663e-05
9.497615303904238305e-05
9.330670728789867703e-05
9.219286263700689850e-05
9.127126240830393551e-05
9.061344154615184952e-05
9.023048305208987300e-05
8.974304683605186677e-05
8.902075479605837645e-05
8.877031327942287600e-05
8.975971192159936903e-05
9.150446577439937947e-05
9.294025192783349481e-05
9.314281784864847477e-05
9.200972547095104649e-05
9.053646409139874912e-05
8.993651621186418948e-05
9.030276602763295823e-05
9.118567415225276853e-05
9.349834886002266192e-05
9.827128481369539576e-05
1.051700513870340706e-04
