# B_pls (Regression Coefficients - Normalized)
-3.194823063099892779e-03
-3.373926217555454302e-03
-3.157828270926918597e-03
-2.710632284537233330e-03
-2.376993174691434483e-03
-2.405903724723632269e-03
-4.669307574669580296e-04
-5.970497387590854767e-04
-9.604678831553683941e-04
-1.397868743149124297e-03
-1.716668645367802138e-03
-1.811265248105048062e-03
-8.601318705848493094e-04
-4.561910451042305685e-04
2.887418358383521096e-04
9.414143078155304527e-04
1.165100815612902813e-03
1.072058748834354199e-03
1.125752802835016178e-03
1.660670511803062546e-03
2.600194775565818281e-03
3.554109332597070719e-03
4.052714210456803690e-03
3.754803680155576959e-03
2.565183052314286977e-03
6.562781474065177041e-04
-1.534582959344743883e-03
-3.336892049992374546e-03
-4.132588865208152926e-03
-3.847924464013288692e-03
-3.077025974503396107e-03
-2.664797072695387469e-03
-3.112708851512930967e-03
-4.227388833574144064e-03
-5.251511014819212203e-03
-5.489987857979494734e-03
-4.820467127035258335e-03
-3.615589776078525011e-03
-2.472327127192751415e-03
-1.967701327070574269e-03
-2.279492295275705946e-03
1.976947204179861552e-03
4.855453820071857669e-03
7.187725121927634499e-03
8.386849046288846060e-03
8.337977796319187562e-03
7.476612758977766587e-03
6.422620985741266803e-03
5.480227928456252694e-03
4.504247432035609830e-03
3.273021766633843303e-03
1.852588996580663543e-03
4.956693819738796237e-04
-5.878263631413176409e-04
-1.309823212381422668e-03
-1.659879031054033865e-03
-1.558329472250662411e-03
-8.396758636282524758e-04
4.563850946976385266e-04
1.854596721807740770e-03
2.765518823743565776e-03
3.005960166876929171e-03
2.855129143597919666e-03
2.607426930098107835e-03
2.174545096100826899e-03
1.229645489469941054e-03
-2.618906390771142279e-04
-1.814100759248172493e-03
-2.838208341900873982e-03
-3.018010578530987663e-03
-2.357582351405555256e-03
-1.095248554068807816e-03
4.354830750032852305e-04
1.878810657952361069e-03
2.880729060469620906e-03
3.251312661511315035e-03
3.104328365235814197e-03
2.763543955147392851e-03
2.487292767430789378e-03
2.198721829393714133e-03
1.540167831833065592e-03
3.107574109585998796e-04
-1.174065196182204991e-03
-2.180891336279407004e-03
-2.151338694792314862e-03
-1.254968521910430857e-03
-2.891790429654985404e-04
-6.408770476053465143e-05
-6.886660721109947973e-04
-1.543358957473371738e-03
-1.962214852919796308e-03
-1.723340079765158742e-03
-1.026333725436000049e-03
-1.201206027242633298e-04
8.905107494327072545e-04
1.880803167445056420e-03
2.659031734294517186e-03
3.148820931337198859e-03
3.440471027771411974e-03
3.646579458196204555e-03
3.728410628903406493e-03
3.517052753840429428e-03
2.906118787567179510e-03
1.983778949302275087e-03
9.897495291729140922e-04
1.571051527736733178e-04
-3.250140543202550969e-04
-2.789912319932316177e-04
3.801454249309553588e-04
1.576061212630208708e-03
3.084660762972613827e-03
4.563066226867834585e-03
5.592819989060189394e-03
5.764089340746394660e-03
4.920457091445411615e-03
3.302009124673365662e-03
1.336723348485012930e-03
-5.353410858198468306e-04
-1.899788221839955171e-03
-2.527939762636631678e-03
-2.518300192061887453e-03
-2.133058151607376135e-03
-1.588879137808514672e-03
-1.032493855726085473e-03
-5.941294014059081766e-04
-3.472690020597077494e-04
-2.243723010358543652e-04
-5.851984605383331534e-05
2.609016138272166095e-04
6.749187681137412773e-04
9.483501264287220230e-04
7.887906848856686198e-04
5.045563864556994443e-05
-1.098341984999819413e-03
-2.190069798086979533e-03
-2.718701528462607458e-03
-2.460753729652885406e-03
-1.613498721773399180e-03
-6.682849636428524719e-04
-9.726766707254656287e-05
-5.540706237773160812e-05
-3.441745046253680100e-04
-6.008410186130650442e-04
-4.831164211189517901e-04
2.046361541598123134e-04
1.373098120257329165e-03
2.628737594445139727e-03
3.520742653520723096e-03
3.851391370552178801e-03
3.747821506567998624e-03
3.484402839691065536e-03
3.254481041470011493e-03
3.120656393399029362e-03
3.119814492180402171e-03
3.268467673541550819e-03
3.405377088976984431e-03
3.153621854791099563e-03
2.175127038519830344e-03
5.151100978665725319e-04
-1.354138186839261033e-03
-2.938655293289596255e-03
-4.012075952166941142e-03
-4.505224284951515890e-03
-4.371251601970571089e-03
-3.657647756085612503e-03
-2.646700819894242437e-03
-1.837244308742397129e-03
-1.604395879732942740e-03
-1.839748748469960697e-03
-2.029405897127215148e-03
-1.734967729622565076e-03
-1.042530630724507407e-03
-4.575247053565359347e-04
-3.294655444636640724e-04
-5.682772598910338854e-04
-8.353025314865132264e-04
-8.406097525338325320e-04
-5.046898691480139823e-04
2.593298149008429684e-05
4.654569438122479162e-04
6.315644952084005850e-04
6.063596566787867598e-04
5.731568435357701097e-04
5.819348132277515125e-04
5.399941742327130220e-04
3.903542144343794158e-04
1.931696181128343334e-04
3.864207879248639753e-05
4.936307370138979383e-07
1.784824611676369454e-04
6.817998864651271832e-04
1.515242911658562638e-03
2.501473408335508786e-03
3.341100605566145031e-03
3.709269261985898535e-03
3.346716173511612644e-03
2.269091803047792316e-03
8.656261131564227992e-04
-3.383190648310510206e-04
-1.029360276028568055e-03
-1.237056353538585176e-03
-1.217388539614833306e-03
-1.250046219352975553e-03
-1.464171062456752666e-03
-1.745857381313401608e-03
-1.819412093754731912e-03
-1.542424736679321199e-03
-1.055934713138062617e-03
-5.321670933059251089e-04
3.883535693857838832e-05
6.912861769577801838e-04
1.238544986281776578e-03
1.401793341955676802e-03
1.187848488229264988e-03
8.821632720222389798e-04
6.566966003323742142e-04
3.820576693125751896e-04
-1.087812188245275771e-04
-7.297801250256254549e-04
-1.210450039106164121e-03
-1.381473157441533367e-03
-1.301084402506626214e-03
-1.145137455378165796e-03
-1.077196719194443899e-03
-1.164448324205400159e-03
-1.305818538408513993e-03
-1.252459905943495606e-03
-7.895480132538760208e-04
6.330257965710668166e-05
1.047614051099069084e-03
1.833952458962548110e-03
2.192414101531604907e-03
2.080362133171508639e-03
1.628941132925647555e-03
1.047932394040461401e-03
5.475320998441173372e-04
3.192794427338572290e-04
4.874140724511856005e-04
9.737511888290628680e-04
1.429990884571497121e-03
1.465254925737703978e-03
1.056391986122981290e-03
6.325390416113730891e-04
6.826084725756447619e-04
1.412931816482125048e-03
2.701111082397308991e-03
4.146151970882657085e-03
5.145630957426440208e-03
5.111947250189700052e-03
3.786118267033157514e-03
1.469053682474497600e-03
-1.045895167569796825e-03
-2.925565841864235638e-03
-3.732217796148951799e-03
-3.519781371605957415e-03
-2.755921395924948360e-03
-2.053693755935427634e-03
-1.712023790132217484e-03
-1.490450157538366835e-03
-8.912622574045614031e-04
3.600231462632990037e-04
2.061756406343056517e-03
3.615256013264294896e-03
4.345742651112039813e-03
3.850435560992474839e-03
2.194932910549465387e-03
-7.076147070511423168e-05
-2.165426965095802563e-03
-3.511757507019962372e-03
-3.969672545846045925e-03
-3.730370351991679507e-03
-3.046785854213843962e-03
-2.033734773675688334e-03
-7.131016341773190048e-04
7.621163313478464783e-04
2.032212383041171518e-03
2.713626054231966372e-03
2.611346184012321506e-03
1.797464624727089641e-03
5.101347769468128537e-04
-9.361112910757928051e-04
-2.115378392469933512e-03
-2.605100011847073186e-03
-2.323975579512066632e-03
-1.670906460178759462e-03
-3.436703472436508471e-04
9.787577565007344726e-04
2.097425590001802606e-03
2.280406909870868332e-03
1.249448647742364962e-03
-7.191828096813631483e-04
-2.986248323993931451e-03
-4.806383280506414113e-03
-5.643956463533215603e-03
-5.409926488859009494e-03
-4.419126743987025416e-03
-3.170064651651747101e-03
-2.049620729970992768e-03
-1.164165126614942914e-03
-4.369378609787134349e-04
2.446676179310552359e-04
9.802497418521910998e-04
1.803149963922087533e-03
2.587713003060194625e-03
3.064237987788653861e-03
3.003092571805212295e-03
2.381304653077098363e-03
1.351897967367857601e-03
9.724906073824406832e-05
-1.237512623939399353e-03
-2.475504723956130620e-03
-3.364905789190621339e-03
-3.639416539795441337e-03
-3.140457832211250144e-03
-2.018704748390695407e-03
6.118261974087735658e-04
9.463715790913976604e-04
1.405022918602008824e-03
2.045925356003630308e-03
2.730256181002196220e-03
3.244849860305901341e-03
3.406744767627174243e-03
3.133656977819025691e-03
2.474854369557751878e-03
1.570033241695193132e-03
5.638430428694402724e-04
-4.066353317568631096e-04
-4.342663222391030149e-03
-4.207799173013951170e-03
-3.584834003235647711e-03
-2.710734183938458448e-03
-1.842976077096066369e-03
-1.144478766524385620e-03
-5.749337431510591562e-04
9.210034466542273753e-05
9.808588915851403859e-04
1.911385770874919491e-03
7.718451120199702059e-03
6.934279507773226034e-03
-2.345042249281145512e-03
-3.721968382096501118e-03
-4.195750319672269385e-03
-2.526060598004792063e-03
-2.465663609359230058e-03
-2.488930478025491461e-03
-2.422149986658618699e-03
-2.113539931008306255e-03
-1.382417638695968443e-03
-2.344604985573452843e-04
8.675470240819203567e-04
-4.402904026130014838e-03
-8.181912617404986030e-03
-1.174741777943034277e-02
-1.438665938080129283e-02
-1.585886875416694930e-02
-1.601986944474162455e-02
-1.458621550939398145e-02
-1.160079933973682566e-02
-7.878991050872799148e-03
2.013229719539547796e-03
1.204978978129573209e-03
3.657615119395150687e-04
-1.361606783381087986e-04
-1.774643503647048122e-03
-1.121176682382676393e-03
-7.975080086016542689e-04
-1.093215440489574098e-03
-3.283816777135479398e-03
-2.355395716256578932e-03
-1.070753085106435597e-03
-3.107300092590031902e-03
-5.806646619801160425e-03
1.102214031537322031e-03
2.385755092785885566e-03
3.046558170484637250e-03
3.190252569239711549e-03
3.049849161115332757e-03
2.647995606364372551e-03
1.690676335277945495e-03
-1.235995519025877114e-04
-4.225551461514177702e-03
-3.308219220496151549e-03
-2.754639132653681575e-03
-8.689344415476095906e-04
2.105556134377475908e-03
5.615561338133909577e-03
7.975748002291047078e-03
8.706959597189960903e-03
8.492655882918764138e-03
5.331772571695071739e-04
2.880327722054059573e-03
4.882443943820520202e-03
6.202445021713133902e-03
6.934166777318882292e-03
7.310818538312770405e-03
7.284515639397735366e-03
6.723022241995117894e-03
5.768512576873331167e-03
4.716913129367333347e-03
3.696489857017506726e-03
2.656315549974863632e-03
1.566564847919322536e-03
5.121809630734782716e-04
-3.497431658925900452e-04
-8.737545929842875647e-04
-2.178364686562946594e-04
-1.496273362388332671e-04
-8.267617367268057221e-05
-4.230985458029544889e-05
-1.881601414334443164e-05
9.148917287529192630e-06
7.206689362730157606e-05
1.994744367864349777e-04
3.796177360281876786e-04
5.458231424724359435e-04
6.353335930597624019e-04
6.531346279886644183e-04
6.579122055832857183e-04
6.920088360573186780e-04
7.482855198355994886e-04
7.962748132798037719e-04
8.098510213021841873e-04
7.742972434036074535e-04
6.952992287269925582e-04
6.086708747356578885e-04
5.612364230445493745e-04
5.705794431753204296e-04
6.117824956673013166e-04
6.460671373035139966e-04
6.437741668508047176e-04
5.861463099967710458e-04
4.830178112970358187e-04
3.826171566030639850e-04
3.269715500665195795e-04
3.220874084751790094e-04
-7.645632116572420849e-04
-7.935059198266960524e-04
-6.536383468065732651e-04
2.823864571647261359e-04
2.474923006199962385e-03
5.143638262503264641e-03
4.611013950188157066e-03
6.587431763723029625e-03
8.174637975600118275e-03
9.848855397389751423e-03
1.128459607140693335e-02
1.102002749322272129e-02
3.123409507181856577e-03
3.199734378178059266e-03
2.153576493706347000e-03
1.555422026139389579e-03
1.653783765583614982e-03
2.072671411794950458e-03
2.749487556780751824e-03
3.834155704570089453e-03
4.982066421903567043e-03
5.843403433033252103e-03
6.874769174776202384e-03
8.420051504411149579e-03
1.023773745456150672e-02
1.176013999565387637e-02
1.238370278338411790e-02
1.190382811640098432e-02
1.083862241824126715e-02
9.874323415132019860e-03
9.293358980866625596e-03
8.842860372415974057e-03
8.097887410893121404e-03
7.037441673513507301e-03
6.078562204000036509e-03
5.440930325235494858e-03
4.954407790981120961e-03
4.544570248777978633e-03
4.397958028533462474e-03
4.623979691994592120e-03
4.882131501731011396e-03
5.814444649094542214e-03
6.032519694728118859e-03
5.853925638486471433e-03
5.543597909822101273e-03
5.120846653400428460e-03
4.577463005287196393e-03
-4.187678117645900200e-04
3.708483175349002944e-04
2.084430948982155841e-03
3.950035070666513617e-03
5.242116925344171736e-03
5.954108802668914464e-03
6.514909226921267518e-03
7.169127357961888394e-03
7.897125544605856570e-03
8.562751197133323944e-03
8.906802570923803147e-03
8.601352659167782466e-03
7.557260933952086347e-03
6.159016620648889717e-03
5.011138949834245161e-03
3.471236399752088142e-03
3.495966857526461389e-03
3.646883570759216434e-03
3.705910808807024587e-03
3.406489780050201040e-03
2.650732214993451255e-03
1.561951890453580453e-03
4.231562088184079307e-04
-3.634317577882694144e-04
-4.090661550746014109e-04
4.300922470162752472e-04
1.951315446263817907e-03
3.671838913095113593e-03
4.985359463327634910e-03
5.464964199924636848e-03
5.104978187724533434e-03
4.224710169411030787e-03
3.160579505750098217e-03
2.057299050558906734e-03
9.809850474828021687e-04
7.441691361272703004e-05
-6.113946247773703775e-04
-1.251155462796237853e-03
-1.950956631366702193e-03
-2.373133783477246982e-03
-1.973958937774678273e-03
-6.700439047566816245e-04
9.837824934860696022e-04
2.313665527654822952e-03
2.874700437088999541e-03
2.472835979207971702e-03
1.201353774173612643e-03
-4.925714810259881633e-04
-9.059824492031671225e-04
5.370268972236737388e-04
2.211704452704847668e-03
4.127571873060718356e-03
6.053943786598793043e-03
7.601691152800365073e-03
8.569783593463969895e-03
8.888403281301457404e-03
8.402741786829287518e-03
6.983761099147525048e-03
4.892579595634213158e-03
2.777448211792862397e-03
1.256626041245934022e-03
4.708472356447948419e-04
1.091726882412480002e-04
-1.517839952000631532e-04
-3.595458258419744098e-04
-4.270316901492489728e-04
-3.232673641892444289e-04
-6.950952748725671565e-05
2.550828214628500078e-04
5.217610071712387894e-04
6.596378069964871317e-04
6.940031650250505935e-04
5.748851000866496029e-04
8.452187250667958941e-05
-8.834987523691383753e-04
-2.034712002406343073e-03
-2.748993388439042139e-03
-2.443957328349290539e-03
-8.793484319877952100e-04
1.680628765727204500e-03
4.303383555589909183e-03
5.916846530629511595e-03
6.432536868322657683e-03
6.504791871942307638e-03
6.699738688621270470e-03
7.167853705277216908e-03
7.730998744721829553e-03
8.132854110108366993e-03
8.150494425649405794e-03
7.645389365424243647e-03
6.648945746155338760e-03
5.366823933786294548e-03
4.018779966223713120e-03
2.724471303156475628e-03
1.566577408956520978e-03
6.847575520261164721e-04
1.179341022933727329e-04
-3.415322925230251396e-04
-9.166567025444397922e-04
-1.550239489905715518e-03
-2.028079365880463419e-03
-2.358030031904968793e-03
-2.773807258684392579e-03
-3.356142581203362674e-03
-3.847639671388517184e-03
-3.873975161112776754e-03
-3.303317511438738641e-03
-2.388566881522153837e-03
-1.588675108479974032e-03
-1.233941036910917366e-03
-1.233408396531114875e-03
-1.171196028935440631e-03
-7.311955917318699056e-04
-2.513468934602785827e-05
5.302454015426370749e-04
6.445819227976948935e-04
3.017389027571861339e-04
-4.113552195084352672e-04
-1.363329018271988453e-03
-2.292567735404724659e-03
-2.875554541181150024e-03
-2.870564930259210737e-03
-2.218266412963477638e-03
-1.016430248256175841e-03
4.336783928571564780e-04
1.727670780763526908e-03
2.652295919070937671e-03
3.276052587779806815e-03
3.767924605365730387e-03
4.083247989139720570e-03
4.064056689662970748e-03
3.681215691609559821e-03
3.082423596171896072e-03
2.434739839974537842e-03
1.829231442350879840e-03
1.271299488205138682e-03
7.027094159631581613e-04
3.603040276660873960e-05
-6.967119749715256372e-04
-1.267369759696469972e-03
-1.427001544225898946e-03
-1.196412772948874390e-03
-8.961111869181422052e-04
-8.062711206760187713e-04
-1.040648808741021338e-03
-1.529920760092929070e-03
-2.024632717138648980e-03
-2.188883875311429649e-03
-1.868889349282145404e-03
-1.223045127358566046e-03
-4.997990589917089685e-04
1.105487713833268153e-04
3.883413502570246109e-04
1.069932564365601345e-04
-6.230138301396991214e-04
-1.200007822432615180e-03
-1.003503953342217876e-03
-1.097213596734029472e-04
7.912754085034713137e-04
1.207767092898092646e-03
1.200060664057492343e-03
1.063510212308283950e-03
9.378713793846912578e-04
7.961721681206491768e-04
5.842121287514119533e-04
2.358409277500619059e-04
-3.409217510671761148e-04
-1.201638836211865258e-03
-2.319905653880457302e-03
-3.574777394519505075e-03
-4.715490372911208122e-03
-5.408743927741403376e-03
-5.468296687829768930e-03
-5.086262094882116301e-03
-4.667341621424226511e-03
-4.388544850430433839e-03
-4.098617754249714480e-03
-6.415949872903873100e-03
-6.051118712479739564e-03
-5.158183091656426585e-03
-4.047826133024803874e-03
-2.972689408537210285e-03
-2.098544009176745231e-03
-1.557537560064384957e-03
-1.418709366595881025e-03
-1.626967032478518786e-03
-2.091229081161203630e-03
-2.835000394924573792e-03
-3.919738895707745689e-03
-5.249527648666024900e-03
-6.589942243525442542e-03
-7.768880748958117456e-03
-8.696961211361695088e-03
-9.201811126795491486e-03
-9.101434251455441798e-03
-8.485172349289811511e-03
-7.723572336088642756e-03
-7.172566800124727769e-03
-7.007727579399026206e-03
-7.244588932504929767e-03
-7.695124819439326525e-03
-7.904536126187709788e-03
-6.456517195049076008e-03
-6.603334930594394712e-03
-6.650802198190681677e-03
-6.990254896965401692e-03
-6.741651613658771781e-03
-6.731248850778878343e-03
-6.825802597594700025e-03
-6.801769234198721224e-03
-6.613466509041762871e-03
-7.362491462614487170e-03
-7.723254043407664325e-03
-7.625225729805382158e-03
-7.129200812672362164e-03
-6.337841934621309473e-03
-5.338997816395518736e-03
-1.022299647989932843e-02
-1.170702202587533755e-02
-1.239724171840400103e-02
-1.199533065853757366e-02
-1.055447639136085532e-02
-4.911849201082951755e-03
-5.610861639777330913e-03
-6.504823669413394363e-03
-7.464210816104163183e-03
-8.483279050541598504e-03
-9.507778171459846037e-03
-1.034030612664399787e-02
-1.074123948563833995e-02
-1.060985514398826365e-02
-1.003647518222404098e-02
-1.035514120445734168e-02
-1.006612139548272548e-02
-9.436361421698034879e-03
-1.540378532898599440e-02
-1.688942989401182385e-02
-1.534082735177795184e-02
-1.099409226750920621e-02
-5.146285572794310689e-03
-1.726490035075362766e-03
8.228468934621878221e-04
2.826539027169421969e-03
4.138922269646829778e-03
4.756813159685598438e-03
4.609449028003038962e-03
3.441336229452356121e-03
9.893331898507408233e-04
3.728281300525466014e-03
2.458763556241937154e-03
1.476680944371908978e-03
8.605932357976443141e-04
3.852192132367820315e-04
-1.854381775057288746e-04
-9.185445933506226294e-04
-1.579018903632653254e-03
-1.679650493108239334e-03
-9.375031862958023649e-04
-3.098016400113273987e-03
-4.962693269990421305e-03
-5.754931712975809924e-03
-5.671949722028663335e-03
-5.137302209456311511e-03
-4.217349478206566804e-03
5.798281631421501854e-04
2.871671710916688918e-04
-2.283920956140356282e-04
-3.823218683675871747e-04
-1.271532007280661881e-04
1.554905429147880949e-04
8.719363194642807888e-05
-4.037767123462194510e-04
-1.251021591669512593e-03
-2.493595847698044064e-03
-4.068098797069288203e-03
-5.588108627977103095e-03
-6.542054561999641540e-03
-6.582213135895782427e-03
-5.583035235318029900e-03
-3.647758694467605027e-03
-1.231924582574678078e-03
9.994073095904031263e-04
2.608965924197402184e-03
3.584638155973030732e-03
4.095525277968448639e-03
4.145971385213665684e-03
3.700422075391802262e-03
2.945828792620805089e-03
-2.244820180362282203e-03
-4.068109941868043068e-03
-5.241239022067785067e-03
-5.684401184542957688e-03
-5.665141231032443450e-03
-5.436352912090200440e-03
-5.109334836413822849e-03
-4.735070551033765569e-03
-4.382398795174755057e-03
-4.084390965386260758e-03
-3.705681859455302665e-03
-2.961892239886645961e-03
-1.681019595619765924e-03
-8.294974172932934563e-05
1.311577202071368938e-03
2.142948705087217333e-03
2.453382539746185725e-03
2.423399294645022049e-03
2.106171625740154568e-03
1.547800446600930717e-03
9.264068819749711990e-04
3.945616116828157055e-04
-1.226817826112209999e-04
-8.154620360362602183e-04
-1.661433242870279797e-03
-2.366491196892416948e-03
-2.646487786127710989e-03
-5.258683016882483583e-04
-8.621670973442964155e-04
-5.637749951134123777e-03
-7.147650792021465957e-03
-8.184968913904551793e-03
-8.381780818971111546e-03
-7.751785872741300855e-03
-6.499523675957921687e-03
-4.831335400117035828e-03
-5.881395053608784278e-03
-5.893156128099321170e-03
-5.247160920090043063e-03
-2.538735448154285680e-03
-2.526065541853811033e-03
-2.261060683864900538e-03
-1.901415263797506458e-03
-1.493573189193719494e-03
-1.025020063953313749e-03
-5.302217528789197887e-04
-1.189612469749265142e-04
5.594948902250382241e-05
-1.396130336891849254e-04
-6.826709806073458882e-04
-1.378274621015300244e-03
-2.115625757332987005e-03
-2.991567112554035634e-03
-4.061115155292508577e-03
-5.120483742004828566e-03
-5.920967243530802365e-03
-6.495240928197214617e-03
-6.994805481087088342e-03
-7.399242651198581489e-03
-7.534739332043932647e-03
-7.327905698182638448e-03
-6.844256342911407553e-03
-6.048425157920559077e-03
-4.858623178702437678e-03
-3.616849645832411093e-03
-2.925995225282050204e-03
-2.995025367789035022e-03
-3.811797859138959643e-03
-5.248712365217579265e-03
-6.690114034113011504e-03
-7.505478167706857405e-03
-7.514773902569246537e-03
-8.767871632954012118e-03
-9.651026245947366689e-03
-1.005459504821655699e-02
-1.021220883948196004e-02
-1.011752759858458237e-02
-9.659161196630655644e-03
-8.969290359743715274e-03
-8.362620148405148710e-03
-7.946489519682983435e-03
8.277235493638489434e-04
-2.512821175562084987e-03
-4.733821356000061063e-03
-3.766410614455247517e-03
-1.094593615843535064e-03
7.027490568923362366e-04
8.592030284623336251e-04
2.268147585522000981e-04
-3.655080091034853922e-04
-5.201070542939378481e-04
-3.016044250428691949e-04
-2.562410791806003785e-05
-1.106416574539273185e-04
-8.883860843642377245e-04
-2.164579782305459370e-03
-3.304618416997254053e-03
-3.985733309022315533e-03
-4.286884987781449871e-03
-3.996992187550767010e-03
-5.646662462855532756e-03
-6.788432420377130301e-03
-7.669195960780026897e-03
-8.284183545475304333e-03
-8.329074903555177406e-03
-7.819668107055820910e-03
-7.167726608117077659e-03
-6.575566547309353790e-03
-5.709530392826006953e-03
-4.073702425865508882e-03
-1.787568621521129714e-03
5.459371061471835190e-04
2.447740086198540825e-03
3.511851982163156222e-03
3.100863485860835215e-03
2.167891109546837228e-03
6.831205041380668556e-04
-1.347665360785129263e-03
-3.326541485554702481e-03
-4.845303061687579980e-03
-6.200972987264239886e-03
-7.699542287074805959e-03
-9.150090588052363361e-03
-1.027708264505638319e-02
-1.116135274609589972e-02
-1.184740579327535001e-02
-1.205635685304272224e-02
-1.164603700492424301e-02
-1.069591146073171385e-02
-8.946789689029682399e-03
-6.044377317815036524e-03
-2.651113512499022901e-03
-3.290386625321530846e-04
2.935782245476925741e-04
-3.080367961722384976e-03
-4.798781541821244348e-03
-6.407213845847815545e-03
-7.383646685367641765e-03
-7.756747639409394823e-03
-8.075872694955658557e-03
-8.737037336584155961e-03
-9.599884318293288796e-03
-1.012121713785238061e-02
-9.738445581640123305e-03
-8.300526027442262783e-03
-6.444302632545935612e-03
-5.273670859822123490e-03
-5.421050648060728519e-03
-6.626368954755022973e-03
-8.130920084133210629e-03
-9.349439599948584922e-03
-9.971513549383170458e-03
-9.628925701656965153e-03
-8.177463118652968793e-03
-6.223359171588706273e-03
-4.683702351999736307e-03
-3.972474428304083316e-03
-3.973681268401916752e-03
-4.448953107461225964e-03
-5.116108565614866863e-03
-5.575473578160249771e-03
-5.619294503067197646e-03
-5.629642108547321111e-03
-6.120659781246453462e-03
-6.970430218579454565e-03
-7.664114066394213561e-03
-8.061217476056915104e-03
-8.475332449796098289e-03
-9.046222136780610740e-03
-9.524350955454610398e-03
-9.745401907660851751e-03
-9.903465563632592172e-03
-1.024340567041112648e-02
-1.081626650006524762e-02
-1.159587046441425302e-02
-1.258944315715443234e-02
-1.370229093232562881e-02
-1.469978163435838210e-02
-1.545896650060660585e-02
-1.599016821385604303e-02
-1.611999099682349945e-02
-1.555028525778093945e-02
-1.425783021524041488e-02
-1.258624262829333845e-02
-1.075830232648039390e-02
-1.083780539432544973e-04
-9.583950977557400414e-04
-2.329564623210471190e-03
-3.697844103658472908e-03
-4.897234239208920342e-03
-6.078364616544618473e-03
-7.158052995621275345e-03
-7.759013750477947516e-03
-7.829564333412839666e-03
-7.808195325860546425e-03
-7.960780230810961255e-03
-7.936766539442150284e-03
-7.362459786094844617e-03
-6.518286389342990012e-03
-6.052743908973304797e-03
-6.285399690076381128e-03
-7.108631594858515548e-03
-8.218642133279345854e-03
-9.287307384129901353e-03
-1.005202144244727452e-02
-1.037052052950751015e-02
-1.029434662970996235e-02
-9.965941943317027651e-03
-9.472539118194130137e-03
