# X Mean (Calibration)
4.040106547619284894e-04
4.140537500000256274e-04
4.279129166666904892e-04
4.447770833333592974e-04
4.624150595238300213e-04
4.794636309524026975e-04
6.401195833333559859e-04
6.502574404762165956e-04
6.624339285714520758e-04
6.783088690476398114e-04
6.980885119047870345e-04
7.193187500000225226e-04
8.889897619047802289e-04
9.052174404762167430e-04
9.216319642857375349e-04
9.378392261905003479e-04
9.547094642857378768e-04
9.732796428571694781e-04
9.931551190476399244e-04
1.012966130952398141e-03
1.031866964285740006e-03
1.049598154761924307e-03
1.065476071428594039e-03
1.078337440476211670e-03
1.087233869047646078e-03
1.091721964285737555e-03
1.092239166666690488e-03
1.091020476190498979e-03
1.091684880952403357e-03
1.096602142857167625e-03
1.104942083333354573e-03
1.114275000000022626e-03
1.123650833333357957e-03
1.134305357142877720e-03
1.148049404761924226e-03
1.165936666666687578e-03
1.187723392857166623e-03
1.211330416666690129e-03
1.233257738095262400e-03
1.250740119047644323e-03
1.263526666666690010e-03
1.305116190476210154e-03
1.315467857142882781e-03
1.324199940476214780e-03
1.330731488095263787e-03
1.336543452380973326e-03
1.343758690476214417e-03
1.354217857142882070e-03
1.369080595238120028e-03
1.387879821428593613e-03
1.408279583333354621e-03
1.428012500000021192e-03
1.446680178571451347e-03
1.464821547619073400e-03
1.482085535714309892e-03
1.497784285714310552e-03
1.512408273809548627e-03
1.526875595238121833e-03
1.540690357142880098e-03
1.552480297619076481e-03
1.562172083333356184e-03
1.571104821428593364e-03
1.580223630952407249e-03
1.589489464285739114e-03
1.599003809523831532e-03
1.609310357142884574e-03
1.620588511904783166e-03
1.632590059523831563e-03
1.645138273809548801e-03
1.657777678571452753e-03
1.669483571428599352e-03
1.679902083333355669e-03
1.690494166666691367e-03
1.703142619047642728e-03
1.717942440476214611e-03
1.733705238095258668e-03
1.750182023809547949e-03
1.768362083333357678e-03
1.788580892857168743e-03
1.809601666666693946e-03
1.829516785714312187e-03
1.846698214285740110e-03
1.860260773809549505e-03
1.870787261904788496e-03
1.880331071428598339e-03
1.890626250000025091e-03
1.901765297619069936e-03
1.913559464285744622e-03
1.927174047619080151e-03
1.943636964285742723e-03
1.961680952380973498e-03
1.979205178571454872e-03
1.996587083333361233e-03
2.016226369047646912e-03
2.038593035714314754e-03
2.060736071428598357e-03
2.079379702380980324e-03
2.093962083333359737e-03
2.106250357142882591e-03
2.118424583333361911e-03
2.131897619047651467e-03
2.146706130952408600e-03
2.161417857142884126e-03
2.174533511904787851e-03
2.186287916666688601e-03
2.198547202380981246e-03
2.212950357142885131e-03
2.229928154761932381e-03
2.249004761904790321e-03
2.268919702380976181e-03
2.287711428571456533e-03
2.304159285714311653e-03
2.319210297619076454e-03
2.335003035714315611e-03
2.352638988095266410e-03
2.371685000000023531e-03
2.391076428571455460e-03
2.409062857142887492e-03
2.423052261904791015e-03
2.431559345238127820e-03
2.436499821428600877e-03
2.442000297619076679e-03
2.450864107142883188e-03
2.463240000000027977e-03
2.478290892857174226e-03
2.495423154761935124e-03
2.513990714285740165e-03
2.533507559523839534e-03
2.554308750000025552e-03
2.576468809523840050e-03
2.598057261904790794e-03
2.616028333333362491e-03
2.629207440476219026e-03
2.639234880952408529e-03
2.648468869047642185e-03
2.658140000000032768e-03
2.668602797619075775e-03
2.680155357142890819e-03
2.693303511904789581e-03
2.708865357142885549e-03
2.727735000000034490e-03
2.749907976190503651e-03
2.773907083333365751e-03
2.797565297619076206e-03
2.818663511904794059e-03
2.834595773809553843e-03
2.843214880952411438e-03
2.845605535714320310e-03
2.846538809523836873e-03
2.850256130952408869e-03
2.856773154761936290e-03
2.864085535714318113e-03
2.872678095238127751e-03
2.885542619047649568e-03
2.904406428571463042e-03
2.928199107142890299e-03
2.954691845238123157e-03
2.981130535714317763e-03
3.003519166666694402e-03
3.018179345238124721e-03
3.025013928571457147e-03
3.028051190476222822e-03
3.032516369047656875e-03
3.041779107142886240e-03
3.056011190476223306e-03
3.072497500000027481e-03
3.088149226190504363e-03
3.103027440476223160e-03
3.120230535714319572e-03
3.140966547619077499e-03
3.161482202380984981e-03
3.176917202380983522e-03
3.186371726190509977e-03
3.191802797619077651e-03
3.194175773809555981e-03
3.194144880952409001e-03
3.195050238095268388e-03
3.201265416666696818e-03
3.213654523809554141e-03
3.229504047619084252e-03
3.246418869047649862e-03
3.263408452380986164e-03
3.279052976190507084e-03
3.292153750000028148e-03
3.304215476190510304e-03
3.318141428571460150e-03
3.334485238095270809e-03
3.351524464285745956e-03
3.368476607142889372e-03
3.385721904761935901e-03
3.402489226190509759e-03
3.417691250000027669e-03
3.432604404761938933e-03
3.449312738095273220e-03
3.466638095238129633e-03
3.480536964285747391e-03
3.488223988095270466e-03
3.489510059523845409e-03
3.485167916666702566e-03
3.477602738095272612e-03
3.472504880952413404e-03
3.475440833333366068e-03
3.486323154761937580e-03
3.500320952380985180e-03
3.513781547619080833e-03
3.525989464285740269e-03
3.536252440476225518e-03
3.543683511904795191e-03
3.550093154761941368e-03
3.559003869047653104e-03
3.570964464285745522e-03
3.583002321428606016e-03
3.593262142857174719e-03
3.603053452380985695e-03
3.614223750000040546e-03
3.627774940476222783e-03
3.644296309523841447e-03
3.662192023809554033e-03
3.676494642857176982e-03
3.683763928571461531e-03
3.687512500000028788e-03
3.694287023809555114e-03
3.704770178571467100e-03
3.713852202380986227e-03
3.719178750000037836e-03
3.723955178571463753e-03
3.730640238095276045e-03
3.737579880952409967e-03
3.743458869047655308e-03
3.750264642857177328e-03
3.760252976190515961e-03
3.773427023809558262e-03
3.788819047619084151e-03
3.805097261904800705e-03
3.819979226190507119e-03
3.832958571428608449e-03
3.848496190476224064e-03
3.871823035714321189e-03
3.901198690476230697e-03
3.928555476190510876e-03
3.947793154761932224e-03
3.957700595238132849e-03
3.957758273809564888e-03
3.947794702380990305e-03
3.932887976190518539e-03
3.922785416666703558e-03
3.923891964285752473e-03
3.935200297619088038e-03
3.952473392857183167e-03
3.971623333333369234e-03
3.987788392857178135e-03
3.997382916666704193e-03
4.003227261904797156e-03
4.012693690476220806e-03
4.028749583333368460e-03
4.046578750000037229e-03
4.058977142857181884e-03
4.061074404761938830e-03
4.051484523809565329e-03
4.035300535714326543e-03
4.025398750000034644e-03
4.033120059523849672e-03
4.055869285714328205e-03
4.079541607142894884e-03
4.093903333333375090e-03
4.099484404761943174e-03
4.099879464285747718e-03
4.096345119047665323e-03
4.091985357142894492e-03
4.092888809523847517e-03
4.101101845238135785e-03
4.111778988095277435e-03
4.119652916666706639e-03
4.124132619047659459e-03
4.127652261904794610e-03
4.134636190476230835e-03
4.151951785714320074e-03
4.182931011904800038e-03
4.219460476190515369e-03
4.246967678571465440e-03
4.258925833333372137e-03
4.260487678571469282e-03
4.257545773809560431e-03
4.249650952380989825e-03
4.235034880952424224e-03
4.199168988095277125e-03
4.232130654761943195e-03
4.265799226190514909e-03
4.294276488095285192e-03
4.320609642857190652e-03
4.345142559523854954e-03
4.362135238095278360e-03
4.369466785714324134e-03
4.371476071428603491e-03
4.368820059523850080e-03
4.354988750000047919e-03
4.328190476190513225e-03
4.299381666666709373e-03
4.283633869047658721e-03
4.289366964285751260e-03
4.317737619047658931e-03
4.362790059523852931e-03
4.408473333333372615e-03
4.435317678571469233e-03
4.435520238095278824e-03
4.416438809523851559e-03
4.388511666666714342e-03
4.357030535714326649e-03
4.326060357142899951e-03
4.299826904761951639e-03
4.277161190476232687e-03
4.254593154761952475e-03
4.237021904761953395e-03
4.234012916666704020e-03
4.243982440476232187e-03
4.275358869047660160e-03
4.300358750000041891e-03
4.328598928571476996e-03
4.348315238095282372e-03
4.355519404761945719e-03
4.348714702380998033e-03
4.324044642857184130e-03
4.283373273809566208e-03
4.239145773809573428e-03
4.205931309523850553e-03
4.192055654761951342e-03
4.198131726190522557e-03
4.104690000000040147e-03
4.129504166666710802e-03
4.165322500000038716e-03
4.196129464285756373e-03
4.208307083333378933e-03
4.193883214285759088e-03
4.160148571428620365e-03
4.126327619047664638e-03
4.105853630952419238e-03
4.099519047619092950e-03
3.837226428571473454e-03
3.824700654761957648e-03
1.647206726190525916e-03
1.637026547619097614e-03
1.641692202380999697e-03
1.572968630952431253e-03
1.548408333333384148e-03
1.501737380952428407e-03
1.418733392857188984e-03
1.323935178571473839e-03
1.242525357142903108e-03
1.169930059523864585e-03
1.096648809523857434e-03
9.070692261905272851e-04
9.867676190476657155e-04
1.080807380952430443e-03
1.142656190476241040e-03
1.141121607142907063e-03
1.092279523809574094e-03
1.023569940476239636e-03
9.432573214286144904e-04
8.620757738095718818e-04
2.980745238095728711e-04
2.423954761905245249e-04
1.932702380952754269e-04
1.299541071429078504e-04
7.872261904811130479e-06
-2.508892857138330954e-05
-2.037732142852547037e-05
2.391553571433787778e-05
3.213368452381473511e-04
2.867210119048140839e-04
2.032127976190960207e-04
6.638107142862065464e-05
4.539500000005250408e-05
1.125714285719370807e-05
-1.830136904757016569e-05
-1.411011904756325909e-05
3.846571428577143871e-05
8.501559523813797951e-05
8.940851190480386007e-05
8.701422619052718210e-05
1.082914880952846594e-04
1.250142261905245686e-04
1.518900000000525136e-04
1.491237500000470952e-04
4.446738095242478366e-05
9.813791666670934805e-05
1.395758928571945283e-04
1.272345833333845210e-04
8.768839285718937069e-05
4.734446428577040566e-05
-1.247069285714233478e-03
-1.436321190476138286e-03
-1.663536130952339648e-03
-1.931658809523758950e-03
-2.179732261904712958e-03
-2.385191964285672192e-03
-2.613070833333285079e-03
-2.912377976190429988e-03
-3.259043928571374836e-03
-3.637790297619001179e-03
-4.081072023809471580e-03
-4.585945119047568803e-03
-5.093409285714237122e-03
-5.591996488095188518e-03
-6.143161547619001642e-03
-6.771832976190427303e-03
-2.229147999999995730e-02
-2.304207107142852706e-02
-2.373406464285709658e-02
-2.431827928571423866e-02
-2.478695910714280928e-02
-2.517491720238091216e-02
-2.549537827380947072e-02
-2.573106380952376246e-02
-2.588462142857139020e-02
-2.598172017857138666e-02
-2.602566392857138741e-02
-2.599775755952376394e-02
-2.590118255952377976e-02
-2.576384988095234765e-02
-2.559972124999996060e-02
-2.540103119047615668e-02
-2.516440857142853912e-02
-2.489483886904758636e-02
-2.458914660714282482e-02
-2.424267345238091328e-02
-2.386804220238091315e-02
-2.348437214285710797e-02
-2.309284684523805684e-02
-2.268367916666663014e-02
-2.226065374999996321e-02
-2.183642982142853725e-02
-2.140845511904758414e-02
-2.096262589285712019e-02
-2.049991309523806551e-02
-2.003918029761901989e-02
-1.056390357142843878e-03
-1.031912142857128751e-03
-1.008816071428555831e-03
-9.864575595237943129e-04
-9.634102976190325480e-04
-5.219202380952244619e-04
-4.509993452380825843e-04
-4.483205357142687258e-04
-4.414578571428434900e-04
-4.308973214285557736e-04
-4.179683928571270991e-04
-4.045370238095103593e-04
-3.246517857142730687e-04
-1.123416666666518423e-04
-1.012056547618914653e-04
-9.093529761903100550e-05
-8.069809523808180369e-05
-7.051297619046108581e-05
-6.152279761903410560e-05
-5.520541666665443049e-05
-5.227244047617525893e-05
-5.186291666665398604e-05
-5.212321428570060907e-05
-5.176273809522358849e-05
-5.073970238093816385e-05
-4.965714285712570823e-05
-4.884648809522732790e-05
-4.814208333332035446e-05
-4.719172619046252946e-05
-4.540035714284240524e-05
-4.179142857141267254e-05
-3.555345238093699444e-05
-2.685273809522365250e-05
-1.697690476188934208e-05
-7.493154761890663831e-06
6.711904762030668282e-07
7.454166666681309813e-06
1.317803571430096397e-05
1.785732142858549831e-05
2.089363095239457060e-05
2.140559523810851039e-05
4.577619047631971462e-06
6.763511904776583209e-06
8.456428571443931269e-06
8.909761904775597254e-06
7.522261904775988739e-06
3.951488095251053684e-06
-3.267029761903543852e-05
-3.217244047617596976e-05
-3.159130952379298564e-05
-3.102154761903487600e-05
-3.042833333332015496e-05
-2.979845238093977106e-05
-2.920011904760584743e-05
-2.901053571426897792e-05
-3.004654761903379181e-05
-3.321904761903268782e-05
-3.907154761903494969e-05
-4.749196428569830438e-05
-5.758440476188982700e-05
-6.780178571427196183e-05
-7.669261904760435976e-05
-1.220736309523688245e-04
-1.257163095237976791e-04
-1.290077380952226837e-04
-1.323831547618905006e-04
-1.362657738095093590e-04
-1.409364880952234799e-04
-1.463755952380825043e-04
-1.521588690476052027e-04
-1.575836309523673240e-04
-1.622276190476040617e-04
-1.665741071428434336e-04
-1.717520238095077557e-04
-1.783642261904634424e-04
-1.857745833333198672e-04
-1.928073809523674965e-04
-1.989853571428458077e-04
-2.047410714285584723e-04
-2.106837499999870576e-04
-2.171197619047460464e-04
-2.242761309523657915e-04
-2.325385119047503751e-04
-2.422047023809383915e-04
-2.531770238095119711e-04
-2.649393452380817806e-04
-2.768073809523679120e-04
-2.883043452380835872e-04
-2.994085119047481137e-04
-3.103059523809360279e-04
-3.208185714285585548e-04
-3.302554761904642321e-04
-3.381158333333182013e-04
-3.446852380952234525e-04
-3.507291666666532254e-04
-3.828116071428428824e-04
-3.899107142856986620e-04
-3.972544642856986339e-04
-4.050176785714140401e-04
-4.130945238095095739e-04
-4.211254166666527905e-04
-4.288469642857026991e-04
-4.361241071428439953e-04
-4.427273214285567496e-04
-4.485179166666552900e-04
-4.539683333333189696e-04
-4.601477380952262658e-04
-4.679345238095119152e-04
-4.773000595237965912e-04
-4.873480357142720041e-04
-4.969078571428435639e-04
-5.051948214285560766e-04
-5.122989880952255473e-04
-5.190835714285571860e-04
-5.264080357142703189e-04
-5.344083333333209031e-04
-5.425797023809392824e-04
-5.504894047618917900e-04
-5.580814285714156458e-04
-5.653510714285555228e-04
-5.721582142856976045e-04
-5.785091071428446726e-04
-5.847442261904638172e-04
-5.911935714285576323e-04
-5.976826190476046147e-04
-6.034629166666534211e-04
-6.076659523809377480e-04
-6.100758928571320492e-04
-6.115076190476055606e-04
-6.132936904761772086e-04
-6.161802976190362130e-04
-6.198444047618935273e-04
-6.236521428571314366e-04
-6.276227976190327683e-04
-6.321763095237965943e-04
-6.371570833333222968e-04
-6.416830357142723484e-04
-6.451237499999859949e-04
-6.477586904761746230e-04
-6.502978571428419310e-04
-6.530923809523678236e-04
-6.561131547618924810e-04
-6.595044642857000481e-04
-6.637613690476059682e-04
-6.692696428571279959e-04
-6.758163095237960070e-04
-6.826604166666538432e-04
-6.891246428571286926e-04
-6.951336904761767910e-04
-7.009770238095100079e-04
-7.065424999999871591e-04
-7.110563690476054671e-04
-7.138458333333183191e-04
-7.150939880952234592e-04
-7.154867857142724937e-04
-7.152670833333177932e-04
-7.141405952380828256e-04
-7.121087499999854357e-04
-7.099274999999857045e-04
-7.084908333333206311e-04
-7.080992261904631808e-04
-7.085014285714132196e-04
-7.093686309523672190e-04
-7.104671428571312890e-04
-7.114591071428456003e-04
-7.118509523809396109e-04
-7.112669047618921459e-04
-7.097735119047508161e-04
-7.080867857142722054e-04
-7.071268452380820866e-04
-7.072334523809381936e-04
-7.079477380952257839e-04
-7.083400595237977944e-04
-7.077930357142736247e-04
-7.062641071428468536e-04
-7.042914880952270062e-04
-7.025773214285584850e-04
-7.018789285714172044e-04
-7.026254761904634875e-04
-7.045598809523674795e-04
-7.068320833333203990e-04
-7.086831547618916609e-04
-7.097969047618918770e-04
-7.101247619047488385e-04
-7.096110714285596473e-04
-7.082105357142727715e-04
-7.061003571428422967e-04
-7.033649999999871645e-04
-6.999023214285582167e-04
-6.956449999999866083e-04
-6.909967857142744951e-04
-6.863560714285595185e-04
-6.817222619047524999e-04
-6.766841071428442806e-04
-6.709155357142728652e-04
-6.645073809523701800e-04
-6.580898214285577086e-04
-6.525546428571315279e-04
-6.484704166666556630e-04
-6.456717261904631284e-04
-6.434261904761768257e-04
-6.410261309523641307e-04
-6.381929166666540322e-04
-6.350961309523659544e-04
-6.322682142856998191e-04
-6.304377976190346988e-04
-6.300074404761771534e-04
-6.304617857142735034e-04
-6.304761309523679129e-04
-6.288063690476071270e-04
-6.249914285714157488e-04
-6.192708928571319773e-04
-6.121261904761789380e-04
-6.041739880952264660e-04
-5.961472619047492949e-04
-5.886521428571303690e-04
-5.818851785714142504e-04
-5.757661309523663716e-04
-5.703340476190352660e-04
-5.659095833333219324e-04
-5.628577976190349968e-04
-5.612371428571291416e-04
-5.606597619047494962e-04
-5.604815476190363153e-04
-1.025417857142761049e-04
-9.725392857141649400e-05
-9.448285714284511210e-05
-9.334470238093945423e-05
-9.276017857141651013e-05
-9.169648809522367350e-05
-8.938517857141568270e-05
-8.567654761903621533e-05
-8.112124999998799441e-05
-7.646208333332476571e-05
-7.207583333332141936e-05
-6.797357142855823381e-05
-6.411553571427460916e-05
-6.058988095236867642e-05
-5.757690476189201962e-05
-5.526434523808364322e-05
-5.374404761903639867e-05
-5.292940476189456837e-05
-5.268922619046640494e-05
-5.295964285713368149e-05
-5.354440476189485979e-05
-5.391309523808220159e-05
-5.349017857141784326e-05
-5.222809523808283691e-05
-5.056357142855934071e-05
1.676305952381042686e-04
1.688631547619169311e-04
1.687877380952465924e-04
2.125449404762019378e-04
2.170258333333451495e-04
2.219356547619138044e-04
2.262045238095354918e-04
2.292034523809637514e-04
2.310673214285832960e-04
2.729923809523891048e-04
2.780848809523933933e-04
2.813501785714409269e-04
2.820128571428667710e-04
2.800801785714386572e-04
2.766122023809631982e-04
3.118983928571557296e-04
3.168223809523919971e-04
3.207175000000101308e-04
3.232454761904882449e-04
3.241962500000122936e-04
3.364394047619173513e-04
3.450268452381076000e-04
3.540866071428704141e-04
3.631819642857290293e-04
3.714835714285848233e-04
3.776870833333452471e-04
3.808776785714402548e-04
3.812143452381079036e-04
3.795425000000087552e-04
3.766778571428703107e-04
5.246883333333469696e-04
5.270275595238235484e-04
5.280620833333448229e-04
8.617148809527173199e-05
6.778160714289217543e-05
4.940416666670358748e-05
3.344696428574549577e-05
1.293672619050758331e-05
-1.018543154761873248e-03
-1.054992619047584283e-03
-1.090297738095204584e-03
-1.122533630952345270e-03
-1.153701488095209898e-03
-1.184813571428545813e-03
-1.211946964285683624e-03
-1.232074047619016472e-03
-1.593742976190443790e-03
-1.627832380952346121e-03
-1.660297559523776084e-03
-1.693054166666639083e-03
-1.725599999999969303e-03
-1.759345595238064833e-03
-1.796226428571393594e-03
-1.834937142857114185e-03
-1.873095357142824614e-03
-1.910300535714257652e-03
-2.167255773809490752e-03
-2.201491845238066902e-03
-2.240053214285686080e-03
-2.279502857142829027e-03
-2.319633630952348726e-03
-2.362076607142825444e-03
-2.524647857142827290e-03
-2.568723749999967700e-03
-2.615529821428541190e-03
-2.665963749999972644e-03
-2.719587916666635699e-03
-2.772120773809497694e-03
-2.820472857142825984e-03
-2.867069880952352601e-03
-2.915037023809495705e-03
-2.963068333333307262e-03
-3.009324166666636942e-03
-3.056451130952349618e-03
-3.107594047619015049e-03
-3.160553273809496751e-03
-3.211184940476162399e-03
-3.259881726190447249e-03
-3.309756190476160088e-03
-3.361532142857115001e-03
-3.414503154761880550e-03
-3.469176726190445047e-03
-3.524403809523781947e-03
-3.575285297619021103e-03
-3.618812738095214185e-03
-3.659217023809497107e-03
-3.866777202380924580e-03
-3.926064880952361349e-03
-3.980221785714257478e-03
-4.024352261904727210e-03
-4.060440178571405288e-03
-4.094612261904735824e-03
-4.130672559523780769e-03
-4.169735773809494714e-03
-4.213178035714263726e-03
-4.261434166666638532e-03
-4.312211071428543457e-03
-4.363778749999972298e-03
-4.417909642857117611e-03
-4.476743333333306311e-03
-4.538873988095211247e-03
-4.601114464285692256e-03
-4.661742083333301166e-03
-4.718865833333307780e-03
-4.769172976190449997e-03
-4.813183452380926514e-03
-4.858866547619020322e-03
-4.914909940476165119e-03
-4.981530714285691865e-03
-5.050606785714260166e-03
-5.113096845238068906e-03
-5.163674226190453562e-03
-5.200661130952351045e-03
-4.795788809523788762e-03
-4.771740119047602514e-03
-3.904385714285696796e-03
-3.849476547619031831e-03
-3.793999702380935254e-03
-3.742847619047602343e-03
-3.699879166666649767e-03
-3.664275892857125731e-03
-3.629104166666652018e-03
-2.520192857142840304e-03
-2.494018869047605769e-03
-2.462525178571414730e-03
-2.081675357142842055e-03
-2.037429047619033172e-03
-2.007841130952368099e-03
-1.993129464285702500e-03
-1.989089285714273729e-03
-1.987666071428559160e-03
-1.979835178571413400e-03
-1.959172619047603887e-03
-1.924696845238082479e-03
-1.881209226190463284e-03
-1.835536845238080507e-03
-1.791787142857128017e-03
-1.750514880952368018e-03
-1.711295714285702247e-03
-1.674699761904748473e-03
-1.641635654761892504e-03
-1.611556964285702602e-03
-1.582840952380940025e-03
-1.554781607142845636e-03
-1.528179226190462797e-03
-1.504312916666654312e-03
-1.483267857142846202e-03
-1.463156845238083262e-03
-1.441316666666656986e-03
-1.416519702380939633e-03
-1.389458333333321548e-03
-1.360679107142846733e-03
-1.329415833333319691e-03
-1.295207440476175975e-03
-1.259409583333323014e-03
-1.224397738095226980e-03
-1.191892976190462401e-03
-1.162209107142844712e-03
-1.043446071428560506e-03
-1.012086428571418303e-03
-9.813259523809415939e-04
-9.529401785714193638e-04
-9.223088095237994954e-04
-8.841588690476080876e-04
-8.395713690476058451e-04
-7.970032142857047530e-04
-7.676308333333215590e-04
-6.165580952380849029e-04
-5.703722619047514467e-04
-5.440543452380844098e-04
-3.638473809523685423e-04
-4.002492857142735116e-04
-4.254578571428442395e-04
-4.386853571428452644e-04
-4.459777380952283988e-04
-4.534786904761799187e-04
-4.612166071428458426e-04
-4.633294047618945286e-04
-4.539821428571296272e-04
-4.330979166666568776e-04
-4.076444642857043128e-04
-3.876992261904649338e-04
-3.803611309523726564e-04
-3.855726190476090054e-04
-3.958231547618944429e-04
-4.009152976190408549e-04
-3.191654761904662882e-04
-3.181347023809396246e-04
-3.297508333333228308e-04
-3.468689285714177963e-04
-3.612854761904664880e-04
-3.692719047618947537e-04
-3.721448214285620311e-04
-3.732985714285636902e-04
-3.752883928571328271e-04
-3.781619642857035461e-04
-3.795066666666567696e-04
-3.763356547618926479e-04
-3.674680952380850771e-04
-3.550139880952280316e-04
-3.381964880952288113e-04
-3.410776785714185791e-04
-3.505776785714191353e-04
-3.613519047618929457e-04
-3.681027380952279289e-04
-3.689127380952259374e-04
-3.648618452380844547e-04
-3.577557142857038463e-04
-3.491929761904642520e-04
-3.410341071428465575e-04
-3.351299404761798805e-04
-3.318255952380852231e-04
-3.296446428571317617e-04
-3.273770833333223456e-04
-3.258253571428487336e-04
-3.272050595237986051e-04
-3.333222619047525423e-04
-3.439539285714178149e-04
-3.564251785714183437e-04
-3.669957142857014471e-04
-3.717006547618938281e-04
-3.675169642857042062e-04
-3.633851190476074700e-04
-3.607876190476073377e-04
-3.602072023809429254e-04
-3.606451785714185980e-04
-3.604885119047520486e-04
-3.590541071428453583e-04
-3.570324999999896195e-04
-3.556854166666549078e-04
-3.559724999999902767e-04
-3.581537499999910379e-04
-3.615045238095138439e-04
-3.643229166666604778e-04
-3.649174404761789986e-04
-3.629209523809441020e-04
-3.594907738095150696e-04
-3.562405952380824203e-04
-3.541324999999910126e-04
-3.531938095238021228e-04
-3.529060714285619030e-04
-3.527604166666563953e-04
-3.527257142857018971e-04
-3.531692261904662250e-04
-3.543369642857043087e-04
-3.562177380952273880e-04
-3.590786904761800093e-04
-3.634448214285605728e-04
-3.689601190476072667e-04
-3.737546428571330453e-04
-3.757572023809424631e-04
-3.745596428571330351e-04
-3.715208333333241877e-04
-3.682930952380868454e-04
-3.656968452380849710e-04
-3.637259523809421944e-04
-3.618531547618970704e-04
-3.594122619047512303e-04
-3.563395833333241405e-04
-3.536398214285614485e-04
-3.526473809523685953e-04
-3.537830357142774393e-04
-3.563972619047539028e-04
-3.596942857142763775e-04
-3.632870833333237551e-04
-3.669447619047514365e-04
-3.704530357142775355e-04
-3.738284523809432924e-04
-3.773133928571340825e-04
-3.809962499999902013e-04
-3.846455952380856830e-04
-3.788570238095166631e-04
-3.754405357142759966e-04
-3.723474999999869207e-04
-3.696714880952283702e-04
-3.679093452380837576e-04
-3.672548809523700983e-04
-3.671745238095134559e-04
-3.667801785714184843e-04
-3.654027976190376268e-04
-3.630470833333218736e-04
-3.605696428571310633e-04
-3.592623214285624268e-04
-3.591992261904666263e-04
-3.593657142857049100e-04
-3.587308928571334723e-04
-3.576016071428470455e-04
-3.574981547618937146e-04
-3.592319642857040780e-04
-3.623602976190371016e-04
-3.659176785714186191e-04
-3.690886904761795425e-04
-3.741424181210705325e-04
-3.791961457659660762e-04
-3.842498734108464411e-04
