# Wavelengths
4576.000000
4577.000000
4578.000000
4579.000000
4580.000000
4581.000000
4594.000000
4595.000000
4596.000000
4597.000000
4598.000000
4599.000000
4614.000000
4615.000000
4616.000000
4617.000000
4618.000000
4619.000000
4620.000000
4621.000000
4622.000000
4623.000000
4624.000000
4625.000000
4626.000000
4627.000000
4628.000000
4629.000000
4630.000000
4631.000000
4632.000000
4633.000000
4634.000000
4635.000000
4636.000000
4637.000000
4638.000000
4639.000000
4640.000000
4641.000000
4642.000000
4647.000000
4648.000000
4649.000000
4650.000000
4651.000000
4652.000000
4653.000000
4654.000000
4655.000000
4656.000000
4657.000000
4658.000000
4659.000000
4660.000000
4661.000000
4662.000000
4663.000000
4664.000000
4665.000000
4666.000000
4667.000000
4668.000000
4669.000000
4670.000000
4671.000000
4672.000000
4673.000000
4674.000000
4675.000000
4676.000000
4677.000000
4678.000000
4679.000000
4680.000000
4681.000000
4682.000000
4683.000000
4684.000000
4685.000000
4686.000000
4687.000000
4688.000000
4689.000000
4690.000000
4691.000000
4692.000000
4693.000000
4694.000000
4695.000000
4696.000000
4697.000000
4698.000000
4699.000000
4700.000000
4701.000000
4702.000000
4703.000000
4704.000000
4705.000000
4706.000000
4707.000000
4708.000000
4709.000000
4710.000000
4711.000000
4712.000000
4713.000000
4714.000000
4715.000000
4716.000000
4717.000000
4718.000000
4719.000000
4720.000000
4721.000000
4722.000000
4723.000000
4724.000000
4725.000000
4726.000000
4727.000000
4728.000000
4729.000000
4730.000000
4731.000000
4732.000000
4733.000000
4734.000000
4735.000000
4736.000000
4737.000000
4738.000000
4739.000000
4740.000000
4741.000000
4742.000000
4743.000000
4744.000000
4745.000000
4746.000000
4747.000000
4748.000000
4749.000000
4750.000000
4751.000000
4752.000000
4753.000000
4754.000000
4755.000000
4756.000000
4757.000000
4758.000000
4759.000000
4760.000000
4761.000000
4762.000000
4763.000000
4764.000000
4765.000000
4766.000000
4767.000000
4768.000000
4769.000000
4770.000000
4771.000000
4772.000000
4773.000000
4774.000000
4775.000000
4776.000000
4777.000000
4778.000000
4779.000000
4780.000000
4781.000000
4782.000000
4783.000000
4784.000000
4785.000000
4786.000000
4787.000000
4788.000000
4789.000000
4790.000000
4791.000000
4792.000000
4793.000000
4794.000000
4795.000000
4796.000000
4797.000000
4798.000000
4799.000000
4800.000000
4801.000000
4802.000000
4803.000000
4804.000000
4805.000000
4806.000000
4807.000000
4808.000000
4809.000000
4810.000000
4811.000000
4812.000000
4813.000000
4814.000000
4815.000000
4816.000000
4817.000000
4818.000000
4819.000000
4820.000000
4821.000000
4822.000000
4823.000000
4824.000000
4825.000000
4826.000000
4827.000000
4828.000000
4829.000000
4830.000000
4831.000000
4832.000000
4833.000000
4834.000000
4835.000000
4836.000000
4837.000000
4838.000000
4839.000000
4840.000000
4841.000000
4842.000000
4843.000000
4844.000000
4845.000000
4846.000000
4847.000000
4848.000000
4849.000000
4850.000000
4851.000000
4852.000000
4853.000000
4854.000000
4855.000000
4856.000000
4857.000000
4858.000000
4859.000000
4860.000000
4861.000000
4862.000000
4863.000000
4864.000000
4865.000000
4866.000000
4867.000000
4868.000000
4869.000000
4870.000000
4871.000000
4872.000000
4873.000000
4874.000000
4875.000000
4876.000000
4877.000000
4878.000000
4879.000000
4880.000000
4881.000000
4882.000000
4883.000000
4884.000000
4885.000000
4886.000000
4887.000000
4888.000000
4889.000000
4890.000000
4895.000000
4896.000000
4897.000000
4898.000000
4899.000000
4900.000000
4901.000000
4902.000000
4903.000000
4904.000000
4905.000000
4906.000000
4907.000000
4908.000000
4909.000000
4910.000000
4911.000000
4912.000000
4913.000000
4914.000000
4915.000000
4916.000000
4917.000000
4918.000000
4919.000000
4920.000000
4921.000000
4922.000000
4923.000000
4924.000000
4927.000000
4928.000000
4929.000000
4930.000000
4931.000000
4932.000000
4933.000000
4934.000000
4935.000000
4936.000000
4937.000000
4938.000000
4944.000000
4945.000000
4946.000000
4947.000000
4948.000000
4949.000000
4950.000000
4951.000000
4952.000000
4953.000000
4962.000000
4963.000000
5030.000000
5031.000000
5032.000000
5035.000000
5036.000000
5037.000000
5038.000000
5039.000000
5040.000000
5041.000000
5042.000000
5054.000000
5055.000000
5056.000000
5057.000000
5058.000000
5059.000000
5060.000000
5061.000000
5062.000000
5082.000000
5083.000000
5084.000000
5085.000000
5126.000000
5127.000000
5128.000000
5139.000000
5155.000000
5156.000000
5157.000000
5198.000000
5199.000000
5205.000000
5206.000000
5207.000000
5208.000000
5209.000000
5210.000000
5211.000000
5212.000000
5216.000000
5217.000000
5218.000000
5239.000000
5240.000000
5241.000000
5242.000000
5243.000000
5244.000000
5267.000000
5268.000000
5269.000000
5270.000000
5271.000000
5272.000000
5273.000000
5274.000000
5275.000000
5276.000000
5277.000000
5278.000000
5279.000000
5280.000000
5281.000000
5282.000000
5300.000000
5301.000000
5302.000000
5303.000000
5304.000000
5305.000000
5306.000000
5307.000000
5308.000000
5309.000000
5310.000000
5311.000000
5312.000000
5313.000000
5314.000000
5315.000000
5316.000000
5317.000000
5318.000000
5319.000000
5320.000000
5321.000000
5322.000000
5323.000000
5324.000000
5325.000000
5326.000000
5327.000000
5328.000000
5329.000000
5435.000000
5436.000000
5437.000000
5438.000000
5439.000000
5459.000000
5465.000000
5466.000000
5467.000000
5468.000000
5469.000000
5470.000000
5478.000000
5504.000000
5505.000000
5506.000000
5507.000000
5508.000000
5509.000000
5510.000000
5511.000000
5512.000000
5513.000000
5514.000000
5515.000000
5516.000000
5517.000000
5518.000000
5519.000000
5520.000000
5521.000000
5522.000000
5523.000000
5524.000000
5525.000000
5526.000000
5527.000000
5528.000000
5529.000000
5530.000000
5531.000000
5543.000000
5544.000000
5545.000000
5546.000000
5547.000000
5548.000000
5555.000000
5556.000000
5557.000000
5558.000000
5559.000000
5560.000000
5561.000000
5562.000000
5563.000000
5564.000000
5565.000000
5566.000000
5567.000000
5568.000000
5569.000000
5576.000000
5577.000000
5578.000000
5579.000000
5580.000000
5581.000000
5582.000000
5583.000000
5584.000000
5585.000000
5586.000000
5587.000000
5588.000000
5589.000000
5590.000000
5591.000000
5592.000000
5593.000000
5594.000000
5595.000000
5596.000000
5597.000000
5598.000000
5599.000000
5600.000000
5601.000000
5602.000000
5603.000000
5604.000000
5605.000000
5606.000000
5607.000000
5608.000000
5613.000000
5614.000000
5615.000000
5616.000000
5617.000000
5618.000000
5619.000000
5620.000000
5621.000000
5622.000000
5623.000000
5624.000000
5625.000000
5626.000000
5627.000000
5628.000000
5629.000000
5630.000000
5631.000000
5632.000000
5633.000000
5634.000000
5635.000000
5636.000000
5637.000000
5638.000000
5639.000000
5640.000000
5641.000000
5642.000000
5643.000000
5644.000000
5645.000000
5646.000000
5647.000000
5648.000000
5649.000000
5650.000000
5651.000000
5652.000000
5653.000000
5654.000000
5655.000000
5656.000000
5657.000000
5658.000000
5659.000000
5660.000000
5661.000000
5662.000000
5663.000000
5664.000000
5665.000000
5666.000000
5667.000000
5668.000000
5669.000000
5670.000000
5671.000000
5672.000000
5673.000000
5674.000000
5675.000000
5676.000000
5677.000000
5678.000000
5679.000000
5680.000000
5681.000000
5682.000000
5683.000000
5684.000000
5685.000000
5686.000000
5687.000000
5688.000000
5689.000000
5690.000000
5691.000000
5692.000000
5693.000000
5694.000000
5695.000000
5696.000000
5697.000000
5698.000000
5699.000000
5700.000000
5701.000000
5702.000000
5703.000000
5704.000000
5705.000000
5706.000000
5707.000000
5708.000000
5709.000000
5710.000000
5711.000000
5712.000000
5713.000000
5714.000000
5715.000000
5716.000000
5717.000000
5718.000000
5719.000000
5720.000000
5721.000000
5722.000000
5723.000000
5724.000000
5725.000000
5726.000000
5727.000000
5728.000000
5729.000000
5730.000000
5731.000000
5732.000000
5733.000000
5734.000000
5735.000000
5736.000000
5737.000000
5738.000000
5739.000000
5740.000000
5741.000000
5876.000000
5877.000000
5878.000000
5879.000000
5880.000000
5881.000000
5882.000000
5883.000000
5884.000000
5885.000000
5886.000000
5887.000000
5888.000000
5889.000000
5890.000000
5891.000000
5892.000000
5893.000000
5894.000000
5895.000000
5896.000000
5897.000000
5898.000000
5899.000000
5900.000000
6045.000000
6046.000000
6047.000000
6086.000000
6087.000000
6088.000000
6089.000000
6090.000000
6091.000000
6115.000000
6116.000000
6117.000000
6118.000000
6119.000000
6120.000000
6153.000000
6154.000000
6155.000000
6156.000000
6157.000000
6183.000000
6184.000000
6185.000000
6186.000000
6187.000000
6188.000000
6189.000000
6190.000000
6191.000000
6192.000000
6278.000000
6279.000000
6280.000000
6959.000000
6960.000000
6961.000000
6962.000000
6963.000000
7015.000000
7016.000000
7017.000000
7018.000000
7019.000000
7020.000000
7021.000000
7022.000000
7034.000000
7035.000000
7036.000000
7037.000000
7038.000000
7039.000000
7040.000000
7041.000000
7042.000000
7043.000000
7051.000000
7052.000000
7053.000000
7054.000000
7055.000000
7056.000000
7060.000000
7061.000000
7062.000000
7063.000000
7064.000000
7065.000000
7066.000000
7067.000000
7068.000000
7069.000000
7070.000000
7071.000000
7072.000000
7073.000000
7074.000000
7075.000000
7076.000000
7077.000000
7078.000000
7079.000000
7080.000000
7081.000000
7082.000000
7083.000000
7087.000000
7088.000000
7089.000000
7090.000000
7091.000000
7092.000000
7093.000000
7094.000000
7095.000000
7096.000000
7097.000000
7098.000000
7099.000000
7100.000000
7101.000000
7102.000000
7103.000000
7104.000000
7105.000000
7106.000000
7107.000000
7108.000000
7109.000000
7110.000000
7111.000000
7112.000000
7113.000000
7187.000000
7188.000000
7206.000000
7207.000000
7208.000000
7209.000000
7210.000000
7211.000000
7212.000000
7236.000000
7237.000000
7238.000000
7246.000000
7247.000000
7248.000000
7249.000000
7250.000000
7251.000000
7252.000000
7253.000000
7254.000000
7255.000000
7256.000000
7257.000000
7258.000000
7259.000000
7260.000000
7261.000000
7262.000000
7263.000000
7264.000000
7265.000000
7266.000000
7267.000000
7268.000000
7269.000000
7270.000000
7271.000000
7272.000000
7273.000000
7274.000000
7275.000000
7276.000000
7277.000000
7278.000000
7289.000000
7290.000000
7291.000000
7292.000000
7293.000000
7294.000000
7295.000000
7296.000000
7297.000000
7310.000000
7311.000000
7312.000000
7348.000000
7349.000000
7350.000000
7351.000000
7352.000000
7353.000000
7354.000000
7355.000000
7356.000000
7357.000000
7358.000000
7359.000000
7360.000000
7361.000000
7362.000000
7363.000000
7380.000000
7381.000000
7382.000000
7383.000000
7384.000000
7385.000000
7386.000000
7387.000000
7388.000000
7389.000000
7390.000000
7391.000000
7392.000000
7393.000000
7395.000000
7396.000000
7397.000000
7398.000000
7399.000000
7400.000000
7401.000000
7402.000000
7403.000000
7404.000000
7405.000000
7406.000000
7407.000000
7408.000000
7409.000000
7410.000000
7411.000000
7412.000000
7413.000000
7414.000000
7417.000000
7418.000000
7419.000000
7420.000000
7421.000000
7422.000000
7423.000000
7424.000000
7425.000000
7426.000000
7427.000000
7428.000000
7429.000000
7430.000000
7431.000000
7432.000000
7433.000000
7434.000000
7435.000000
7436.000000
7437.000000
7438.000000
7439.000000
7440.000000
7441.000000
7442.000000
7443.000000
7444.000000
7445.000000
7446.000000
7447.000000
7448.000000
7449.000000
7450.000000
7451.000000
7452.000000
7453.000000
7454.000000
7455.000000
7456.000000
7457.000000
7458.000000
7459.000000
7460.000000
7461.000000
7462.000000
7463.000000
7464.000000
7465.000000
7466.000000
7467.000000
7473.000000
7474.000000
7475.000000
7476.000000
7477.000000
7478.000000
7479.000000
7480.000000
7481.000000
7482.000000
7483.000000
7484.000000
7485.000000
7486.000000
7487.000000
7488.000000
7489.000000
7490.000000
7491.000000
7492.000000
7493.000000
7494.000000
7495.000000
7496.000000
