0
6
12
18
24
30
36
42
48
54
60
66
72
78
84
90
96
102
108
114
120
126
132
138
144
150
156
162
168
174
180
186
192
198
204
210
216
222
228
234
240
246
252
258
264
270
276
282
288
294
300
306
312
318
324
330
336
342
348
354
360
366
372
378
384
390
396
402
408
414
420
426
432
438
444
450
456
462
468
474
480
486
492
498
504
510
516
522
528
534
540
546
552
558
564
570
576
582
588
594
600
606
612
618
624
630
636
642
648
654
660
666
672
678
684
690
696
702
708
714
720
726
732
738
744
750
756
762
768
774
780
786
792
798
804
810
816
822
828
834
840
846
852
858
864
870
876
882
888
894
900
906
912
918
924
930
936
942
948
954
960
966
972
978
984
990
996
1002
1008
1014
1020
1026
1032
1038
1044
1050
1056
1062
1068
1074
1080
1086
1092
1098
1104
1110
1116
1122
1128
1134
1140
1146
1152
1158
1164
1170
1176
1182
1188
1194
1200
1206
1212
1218
1224
1230
1236
1242
1248
1254
1260
1266
1272
1278
1284
1290
1296
1302
1308
1314
1320
1326
1332
1338
1344
1350
1356
1362
1368
1374
1380
1386
1392
1398
1404
1410
1416
1422
1428
1434
1440
1446
1452
1458
1464
1470
1476
1482
1488
1494
1500
1506
1512
1518
1524
1530
1536
1542
1548
1554
1560
1566
1572
1578
1584
1590
1596
1602
1608
1614
1620
1626
1632
1638
1644
1650
1656
1662
1668
1674
1680
1686
1692
1698
1704
1710
1716
1722
1728
1734
1740
1746
1752
1758
1764
1770
1776
1782
1788
1794
1800
1806
1812
1818
1824
1830
1836
1842
1848
1854
1860
1866
1872
1878
1884
1890
1896
1902
1908
1914
1920
1926
1932
1938
1944
1950
1956
1962
1968
1974
1980
1986
1992
1998
2004
2010
2016
2022
2028
2034
2040
2046
2052
2058
2064
2070
2076
2082
2088
2094
2100
2106
2112
2118
2124
2130
2136
2142
2148
2154
2160
2166
2172
2178
2184
2190
2196
2202
2208
2214
2220
2226
2232
2238
2244
2250
2256
2262
2268
2274
2280
2286
2292
2298
2304
2310
2316
2322
2328
2334
2340
2346
2352
2358
2364
2370
2376
2382
2388
2394
2400
2406
2412
2418
2424
2430
2436
2442
2448
2454
2460
2466
2472
2478
2484
2490
2496
2502
2508
2514
2520
2526
2532
2538
2544
2550
2556
2562
2568
2574
2580
2586
2592
2598
2604
2610
2616
2622
2628
2634
2640
2646
2652
2658
2664
2670
2676
2682
2688
2694
2700
2706
2712
2718
2724
2730
2736
2742
2748
2754
2760
2766
2772
2778
2784
2790
2796
2802
2808
2814
2820
2826
2832
2838
2844
2850
2856
2862
2868
2874
2880
2886
2892
2898
2904
2910
2916
2922
2928
2934
2940
2946.1
2952.1
2958.1
2964.1
2970.1
2976.1
2982.1
2988.1
2994.1
3000.1
3006.1
3012.1
3018.1
3024.1
3030.1
3036.1
3042.1
3048.1
3054.1
3060.1
3066.1
3072.1
3078.1
3084.1
3090.1
3096.1
3102.1
3108.1
3114.1
3120.1
3126.1
3132.1
3138.1
3144.1
3150.1
3156.1
3162.1
3168.1
3174.1
3180.1
3186.1
3192.1
3198.1
3204.1
3210.1
3216.1
3222.1
3228.1
3234.1
3240.1
3246.1
3252.1
3258.1
3264.1
3270.1
3276.1
3282.1
3288.1
3294.1
3300.1
3306.1
3312.1
3318.1
3324.1
3330.1
3336.1
3342.1
3348.1
3354.1
3360.1
3366.1
3372.1
3378.1
3384.1
3390.1
3396.1
3402.1
3408.1
3414.1
3420.1
3426.1
3432.1
3438.1
3444.1
3450.1
3456.1
3462.1
3468.1
3474.1
3480.1
3486.1
3492.1
3498.1
3504.1
3510.1
3516.1
3522.1
3528.1
3534.1
3540.1
3546.1
3552.1
3558.1
3564.1
3570.1
3576.1
3582.1
3588.1
3594.1
3600.1
3606.1
3612.1
3618.1
3624.1
3630.1
3636.1
3642.1
3648.1
3654.1
3660.1
3666.1
3672.1
3678.1
3684.1
3690.1
3696.1
3702.1
3708.1
3714.1
3720.1
3726.1
3732.1
3738.1
3744.1
3750.1
3756.1
3762.1
3768.1
3774.1
3780.1
3786.1
3792.1
3798.1
3804.1
3810.1
3816.1
3822.1
3828.1
3834.1
3840.1
3846.1
3852.1
3858.1
3864.1
3870.1
3876.1
3882.1
3888.1
