# Selected Wavelengths (cm-1)
4400.0000
4401.0000
4402.0000
4403.0000
4404.0000
4405.0000
4406.0000
4407.0000
4408.0000
4409.0000
4410.0000
4411.0000
4412.0000
4413.0000
4414.0000
4415.0000
4416.0000
4417.0000
4418.0000
4419.0000
4420.0000
4421.0000
4422.0000
4423.0000
4424.0000
4425.0000
4430.0000
4431.0000
4432.0000
4433.0000
4434.0000
4435.0000
4436.0000
4437.0000
4438.0000
4481.0000
4482.0000
4483.0000
4484.0000
4528.0000
4529.0000
4579.0000
4580.0000
4581.0000
4582.0000
4583.0000
4584.0000
4585.0000
4586.0000
4658.0000
4659.0000
4660.0000
4661.0000
4662.0000
4663.0000
4664.0000
4665.0000
4666.0000
4672.0000
4673.0000
4674.0000
4675.0000
4676.0000
4686.0000
4687.0000
4688.0000
4689.0000
4690.0000
4691.0000
4702.0000
4703.0000
4704.0000
4705.0000
4706.0000
4707.0000
4708.0000
4709.0000
4710.0000
4717.0000
4718.0000
4719.0000
4720.0000
4721.0000
4722.0000
4723.0000
4724.0000
4725.0000
4726.0000
4727.0000
4728.0000
4729.0000
4730.0000
4731.0000
4732.0000
4733.0000
4734.0000
4735.0000
4736.0000
4737.0000
4738.0000
4739.0000
4740.0000
4741.0000
4742.0000
4743.0000
4744.0000
4745.0000
4746.0000
4747.0000
4748.0000
4749.0000
4750.0000
4751.0000
4752.0000
4753.0000
4754.0000
4755.0000
4756.0000
4757.0000
4758.0000
4759.0000
4760.0000
4761.0000
4762.0000
4763.0000
4764.0000
4765.0000
4766.0000
4767.0000
4768.0000
4769.0000
4770.0000
4771.0000
4772.0000
4773.0000
4774.0000
4775.0000
4776.0000
4777.0000
4778.0000
4779.0000
4780.0000
4781.0000
4782.0000
4783.0000
4784.0000
4785.0000
4786.0000
4787.0000
4788.0000
4789.0000
4790.0000
4791.0000
4792.0000
4793.0000
4794.0000
4795.0000
4796.0000
4797.0000
4798.0000
4799.0000
4800.0000
4801.0000
4802.0000
4803.0000
4804.0000
4805.0000
4806.0000
4807.0000
4808.0000
4809.0000
4810.0000
4811.0000
4812.0000
4813.0000
4814.0000
4815.0000
4816.0000
4817.0000
4818.0000
4819.0000
4820.0000
4821.0000
4822.0000
4823.0000
4824.0000
4825.0000
4826.0000
4827.0000
4828.0000
4829.0000
4830.0000
4831.0000
4832.0000
4833.0000
4834.0000
4835.0000
4836.0000
4837.0000
4838.0000
4839.0000
4840.0000
4841.0000
4842.0000
4843.0000
4844.0000
4845.0000
4846.0000
4847.0000
4848.0000
4849.0000
4850.0000
4851.0000
4852.0000
4853.0000
4854.0000
4855.0000
4856.0000
4857.0000
4858.0000
4859.0000
4860.0000
4861.0000
4862.0000
4863.0000
4864.0000
4865.0000
4866.0000
4867.0000
4868.0000
4869.0000
4870.0000
4871.0000
4872.0000
4873.0000
4874.0000
4875.0000
4876.0000
4877.0000
4878.0000
4879.0000
4880.0000
4881.0000
4882.0000
4883.0000
4884.0000
4885.0000
4886.0000
4887.0000
4888.0000
4889.0000
4890.0000
4891.0000
4892.0000
4893.0000
4894.0000
4895.0000
4896.0000
4897.0000
4898.0000
4899.0000
4900.0000
4901.0000
4902.0000
4903.0000
4904.0000
4905.0000
4906.0000
4907.0000
4908.0000
4909.0000
4910.0000
4911.0000
4912.0000
4913.0000
4914.0000
4915.0000
4916.0000
4917.0000
4918.0000
4919.0000
4920.0000
4921.0000
4922.0000
4923.0000
4924.0000
4925.0000
4926.0000
4927.0000
4928.0000
4929.0000
4930.0000
4931.0000
4932.0000
4933.0000
4934.0000
4935.0000
4936.0000
4937.0000
4938.0000
4939.0000
4940.0000
4941.0000
4942.0000
4943.0000
4944.0000
4945.0000
4946.0000
4947.0000
4948.0000
4949.0000
4950.0000
4951.0000
4952.0000
4953.0000
4954.0000
4955.0000
4956.0000
4957.0000
4958.0000
4959.0000
4960.0000
4961.0000
4962.0000
4963.0000
4964.0000
4965.0000
4966.0000
4967.0000
4968.0000
4969.0000
4970.0000
4971.0000
4972.0000
4973.0000
4974.0000
4975.0000
4976.0000
4977.0000
4978.0000
4979.0000
4980.0000
4981.0000
4982.0000
4983.0000
4984.0000
4985.0000
4986.0000
4987.0000
4988.0000
4989.0000
4990.0000
4991.0000
4992.0000
4993.0000
4994.0000
4995.0000
4996.0000
4997.0000
4998.0000
4999.0000
5000.0000
5001.0000
5002.0000
5003.0000
5004.0000
5005.0000
5006.0000
5007.0000
5008.0000
5009.0000
5010.0000
5011.0000
5012.0000
5013.0000
5014.0000
5015.0000
5016.0000
5017.0000
5018.0000
5019.0000
5020.0000
5021.0000
5022.0000
5023.0000
5024.0000
5025.0000
5026.0000
5027.0000
5028.0000
5029.0000
5030.0000
5031.0000
5032.0000
5033.0000
5034.0000
5035.0000
5036.0000
5037.0000
5038.0000
5039.0000
5040.0000
5047.0000
5048.0000
5049.0000
5050.0000
5051.0000
5052.0000
5053.0000
5054.0000
5055.0000
5056.0000
5057.0000
5058.0000
5063.0000
5064.0000
5068.0000
5069.0000
5070.0000
5071.0000
5072.0000
5089.0000
5090.0000
5091.0000
5106.0000
5107.0000
5108.0000
5125.0000
5126.0000
5127.0000
5128.0000
5129.0000
5130.0000
5131.0000
5138.0000
5139.0000
5140.0000
5145.0000
5146.0000
5147.0000
5148.0000
5154.0000
5155.0000
5156.0000
5157.0000
5158.0000
5159.0000
5160.0000
5164.0000
5165.0000
5166.0000
5197.0000
5198.0000
5199.0000
5205.0000
5206.0000
5207.0000
5208.0000
5209.0000
5210.0000
5211.0000
5212.0000
5213.0000
5239.0000
5240.0000
5241.0000
5249.0000
5250.0000
5263.0000
5264.0000
5265.0000
5266.0000
5267.0000
5268.0000
5269.0000
5270.0000
5271.0000
5272.0000
5273.0000
5274.0000
5275.0000
5276.0000
5277.0000
5278.0000
5279.0000
5280.0000
5281.0000
5282.0000
5283.0000
5284.0000
5285.0000
5286.0000
5287.0000
5288.0000
5289.0000
5290.0000
5291.0000
5292.0000
5293.0000
5294.0000
5295.0000
5296.0000
5297.0000
5298.0000
5299.0000
5300.0000
5301.0000
5302.0000
5303.0000
5304.0000
5305.0000
5306.0000
5307.0000
5308.0000
5309.0000
5310.0000
5311.0000
5312.0000
5313.0000
5314.0000
5315.0000
5316.0000
5317.0000
5318.0000
5319.0000
5320.0000
5321.0000
5322.0000
5323.0000
5324.0000
5325.0000
5326.0000
5327.0000
5328.0000
5329.0000
5330.0000
5331.0000
5332.0000
5333.0000
5334.0000
5335.0000
5336.0000
5337.0000
5338.0000
5339.0000
5340.0000
5341.0000
5342.0000
5343.0000
5344.0000
5345.0000
5346.0000
5347.0000
5348.0000
5349.0000
5350.0000
5351.0000
5352.0000
5353.0000
5354.0000
5355.0000
5356.0000
5357.0000
5358.0000
5416.0000
5417.0000
5425.0000
5426.0000
5447.0000
5448.0000
5449.0000
5450.0000
5451.0000
5458.0000
5459.0000
5466.0000
5467.0000
5468.0000
5477.0000
5478.0000
5479.0000
5486.0000
5487.0000
5496.0000
5497.0000
5498.0000
5502.0000
5503.0000
5504.0000
5505.0000
5506.0000
5507.0000
5508.0000
5509.0000
5510.0000
5511.0000
5512.0000
5513.0000
5514.0000
5515.0000
5516.0000
5517.0000
5518.0000
5519.0000
5520.0000
5521.0000
5522.0000
5523.0000
5524.0000
5525.0000
5526.0000
5527.0000
5528.0000
5529.0000
5530.0000
5531.0000
5532.0000
5533.0000
5534.0000
5535.0000
5536.0000
5542.0000
5543.0000
5544.0000
5545.0000
5546.0000
5547.0000
5548.0000
5549.0000
5550.0000
5551.0000
5552.0000
5553.0000
5554.0000
5555.0000
5556.0000
5557.0000
5558.0000
5559.0000
5560.0000
5561.0000
5562.0000
5563.0000
5564.0000
5565.0000
5566.0000
5567.0000
5568.0000
5569.0000
5570.0000
5571.0000
5572.0000
5573.0000
5574.0000
5575.0000
5576.0000
5577.0000
5578.0000
5579.0000
5580.0000
5581.0000
5582.0000
5583.0000
5584.0000
5585.0000
5586.0000
5587.0000
5588.0000
5589.0000
5590.0000
5591.0000
5592.0000
5593.0000
5594.0000
5595.0000
5596.0000
5597.0000
5598.0000
5599.0000
5600.0000
5601.0000
5602.0000
5603.0000
5604.0000
5605.0000
5606.0000
5620.0000
5621.0000
5622.0000
5623.0000
5624.0000
5625.0000
5626.0000
5627.0000
5628.0000
5629.0000
5632.0000
5637.0000
5638.0000
5639.0000
5640.0000
5646.0000
5647.0000
5648.0000
5649.0000
5650.0000
5651.0000
5652.0000
5653.0000
5654.0000
5655.0000
5656.0000
5657.0000
5658.0000
5659.0000
5660.0000
5661.0000
5662.0000
5663.0000
5664.0000
5665.0000
5666.0000
5667.0000
5668.0000
5669.0000
5670.0000
5671.0000
5672.0000
5673.0000
5674.0000
5675.0000
5676.0000
5677.0000
5678.0000
5679.0000
5680.0000
5681.0000
5682.0000
5694.0000
5695.0000
5696.0000
5697.0000
5698.0000
5699.0000
5700.0000
5701.0000
5712.0000
5713.0000
5714.0000
5715.0000
5716.0000
5730.0000
5731.0000
5732.0000
5733.0000
5734.0000
5735.0000
5736.0000
5737.0000
5876.0000
5877.0000
5878.0000
5879.0000
5880.0000
5881.0000
5882.0000
5883.0000
5884.0000
5885.0000
5886.0000
5887.0000
5888.0000
5889.0000
5890.0000
5891.0000
5892.0000
5893.0000
5894.0000
5895.0000
5896.0000
5897.0000
5898.0000
5899.0000
5900.0000
5901.0000
5902.0000
5903.0000
5904.0000
6013.0000
6014.0000
6015.0000
6016.0000
6017.0000
6018.0000
6019.0000
6020.0000
6021.0000
6022.0000
6023.0000
6024.0000
6038.0000
6039.0000
6040.0000
6041.0000
6042.0000
6043.0000
6044.0000
6045.0000
6046.0000
6047.0000
6048.0000
6049.0000
6056.0000
6057.0000
6058.0000
6059.0000
6060.0000
6061.0000
6062.0000
6063.0000
6064.0000
6065.0000
6072.0000
6073.0000
6074.0000
6075.0000
6076.0000
6077.0000
6078.0000
6079.0000
6080.0000
6081.0000
6082.0000
6083.0000
6084.0000
6085.0000
6086.0000
6087.0000
6088.0000
6089.0000
6090.0000
6091.0000
6092.0000
6093.0000
6094.0000
6095.0000
6096.0000
6097.0000
6102.0000
6103.0000
6107.0000
6108.0000
6109.0000
6110.0000
6111.0000
6112.0000
6113.0000
6114.0000
6115.0000
6116.0000
6117.0000
6118.0000
6119.0000
6120.0000
6121.0000
6122.0000
6123.0000
6124.0000
6125.0000
6126.0000
6127.0000
6128.0000
6129.0000
6130.0000
6131.0000
6132.0000
6133.0000
6134.0000
6135.0000
6136.0000
6137.0000
6138.0000
6139.0000
6140.0000
6141.0000
6142.0000
6143.0000
6144.0000
6145.0000
6146.0000
6147.0000
6148.0000
6149.0000
6150.0000
6151.0000
6152.0000
6153.0000
6154.0000
6155.0000
6156.0000
6157.0000
6158.0000
6159.0000
6160.0000
6161.0000
6162.0000
6163.0000
6164.0000
6165.0000
6166.0000
6167.0000
6168.0000
6169.0000
6170.0000
6171.0000
6172.0000
6173.0000
6174.0000
6175.0000
6176.0000
6177.0000
6178.0000
6179.0000
6180.0000
6181.0000
6182.0000
6183.0000
6184.0000
6185.0000
6186.0000
6187.0000
6188.0000
6189.0000
6190.0000
6191.0000
6192.0000
6193.0000
6194.0000
6195.0000
6196.0000
6197.0000
6198.0000
6199.0000
6200.0000
6201.0000
6202.0000
6203.0000
6204.0000
6205.0000
6206.0000
6207.0000
6208.0000
6209.0000
6210.0000
6211.0000
6212.0000
6213.0000
6214.0000
6215.0000
6216.0000
6217.0000
6218.0000
6219.0000
6220.0000
6221.0000
6222.0000
6223.0000
6224.0000
6225.0000
6226.0000
6227.0000
6228.0000
6229.0000
6230.0000
6231.0000
6232.0000
6233.0000
6234.0000
6235.0000
6236.0000
6237.0000
6238.0000
6239.0000
6240.0000
6241.0000
6242.0000
6243.0000
6244.0000
6245.0000
6246.0000
6247.0000
6248.0000
6249.0000
6250.0000
6251.0000
6252.0000
6253.0000
6254.0000
6255.0000
6256.0000
6257.0000
6258.0000
6259.0000
6260.0000
6261.0000
6262.0000
6263.0000
6264.0000
6265.0000
6267.0000
6268.0000
6269.0000
6270.0000
6271.0000
6272.0000
6273.0000
6274.0000
6275.0000
6276.0000
6277.0000
6278.0000
6279.0000
6280.0000
6281.0000
6282.0000
6283.0000
6284.0000
6285.0000
6286.0000
6287.0000
6288.0000
6294.0000
6295.0000
6296.0000
6297.0000
6298.0000
6299.0000
6300.0000
6301.0000
6302.0000
6303.0000
6304.0000
6305.0000
6306.0000
6307.0000
6308.0000
6309.0000
6310.0000
6311.0000
6312.0000
6313.0000
6314.0000
6315.0000
6316.0000
6317.0000
6318.0000
6319.0000
6320.0000
6321.0000
6322.0000
6323.0000
6324.0000
6325.0000
6326.0000
6327.0000
6328.0000
6329.0000
6330.0000
6331.0000
6332.0000
6333.0000
6340.0000
6341.0000
6342.0000
6343.0000
6344.0000
6345.0000
6346.0000
6347.0000
6348.0000
6349.0000
6350.0000
6351.0000
6352.0000
6353.0000
6354.0000
6365.0000
6366.0000
6367.0000
6368.0000
6369.0000
6370.0000
6371.0000
6372.0000
6373.0000
6374.0000
6375.0000
6376.0000
6377.0000
6378.0000
6379.0000
6380.0000
6381.0000
6395.0000
6396.0000
6400.0000
6401.0000
6402.0000
6661.0000
6662.0000
6676.0000
6677.0000
6678.0000
6679.0000
6680.0000
6681.0000
6682.0000
6712.0000
6713.0000
6714.0000
6715.0000
6716.0000
6717.0000
6718.0000
6719.0000
6720.0000
6721.0000
6722.0000
6723.0000
6736.0000
6737.0000
6750.0000
6751.0000
6752.0000
6753.0000
6754.0000
6755.0000
6756.0000
6757.0000
6758.0000
6759.0000
6760.0000
6761.0000
6762.0000
6763.0000
6764.0000
6765.0000
6766.0000
6767.0000
6768.0000
6769.0000
6770.0000
6771.0000
6772.0000
6773.0000
6774.0000
6775.0000
6776.0000
6777.0000
6778.0000
6779.0000
6780.0000
6781.0000
6782.0000
6783.0000
6784.0000
6785.0000
6786.0000
6787.0000
6788.0000
6789.0000
6790.0000
6791.0000
6792.0000
6802.0000
6803.0000
6804.0000
6805.0000
6806.0000
6807.0000
6808.0000
6809.0000
6810.0000
6811.0000
6812.0000
6813.0000
6814.0000
6815.0000
6816.0000
6817.0000
6818.0000
6819.0000
6820.0000
6821.0000
6822.0000
6826.0000
6827.0000
6828.0000
6829.0000
6830.0000
6831.0000
6832.0000
6833.0000
6837.0000
6838.0000
6839.0000
6840.0000
6841.0000
6842.0000
6843.0000
6844.0000
6845.0000
6848.0000
6849.0000
6850.0000
6851.0000
6854.0000
6855.0000
6856.0000
6857.0000
6858.0000
6859.0000
6860.0000
6861.0000
6862.0000
6870.0000
6871.0000
6872.0000
6873.0000
6874.0000
6875.0000
6876.0000
6877.0000
6878.0000
6879.0000
6882.0000
6883.0000
6884.0000
6885.0000
6900.0000
6901.0000
6902.0000
6903.0000
6904.0000
6905.0000
6913.0000
6914.0000
6915.0000
6916.0000
6917.0000
6918.0000
6919.0000
6959.0000
6960.0000
6966.0000
6967.0000
6968.0000
6973.0000
6981.0000
6982.0000
6983.0000
6984.0000
6990.0000
6991.0000
6992.0000
6993.0000
6994.0000
7005.0000
7006.0000
7007.0000
7008.0000
7009.0000
7010.0000
7011.0000
7012.0000
7014.0000
7015.0000
7016.0000
7017.0000
7018.0000
7019.0000
7020.0000
7021.0000
7022.0000
7023.0000
7037.0000
7038.0000
7039.0000
7040.0000
7041.0000
7042.0000
7043.0000
7044.0000
7045.0000
7046.0000
7047.0000
7048.0000
7049.0000
7050.0000
7051.0000
7052.0000
7053.0000
7054.0000
7055.0000
7056.0000
7057.0000
7058.0000
7059.0000
7060.0000
7061.0000
7062.0000
7063.0000
7064.0000
7065.0000
7066.0000
7067.0000
7070.0000
7071.0000
7072.0000
7073.0000
7074.0000
7075.0000
7076.0000
7077.0000
7078.0000
7079.0000
7080.0000
7081.0000
7088.0000
7089.0000
7090.0000
7091.0000
7092.0000
7093.0000
7094.0000
7095.0000
7096.0000
7097.0000
7098.0000
7099.0000
7100.0000
7101.0000
7102.0000
7103.0000
7104.0000
7105.0000
7106.0000
7107.0000
7108.0000
7109.0000
7110.0000
7118.0000
7119.0000
7120.0000
7121.0000
7122.0000
7123.0000
7124.0000
7125.0000
7126.0000
7127.0000
7144.0000
7145.0000
7146.0000
7147.0000
7148.0000
7208.0000
7209.0000
7210.0000
7211.0000
7212.0000
7213.0000
7214.0000
7215.0000
7216.0000
7217.0000
7219.0000
7220.0000
7221.0000
7222.0000
7223.0000
7224.0000
7225.0000
7238.0000
7239.0000
7240.0000
7241.0000
7242.0000
7243.0000
7244.0000
7245.0000
7246.0000
7247.0000
7248.0000
7249.0000
7250.0000
7251.0000
7252.0000
7253.0000
7254.0000
7255.0000
7256.0000
7257.0000
7258.0000
7259.0000
7260.0000
7261.0000
7262.0000
7263.0000
7264.0000
7265.0000
7266.0000
7267.0000
7268.0000
7269.0000
7270.0000
7271.0000
7272.0000
7273.0000
7274.0000
7275.0000
7276.0000
7277.0000
7278.0000
7279.0000
7280.0000
7284.0000
7285.0000
7286.0000
7287.0000
7288.0000
7289.0000
7290.0000
7291.0000
7292.0000
7293.0000
7294.0000
7319.0000
7320.0000
7321.0000
7322.0000
7336.0000
7337.0000
7338.0000
7347.0000
7348.0000
7349.0000
7350.0000
7351.0000
7352.0000
7353.0000
7354.0000
7355.0000
7356.0000
7357.0000
7358.0000
7359.0000
7360.0000
7361.0000
7362.0000
7363.0000
7379.0000
7380.0000
7381.0000
7382.0000
7383.0000
7384.0000
7385.0000
7386.0000
7387.0000
7388.0000
7389.0000
7390.0000
7398.0000
7399.0000
7400.0000
7401.0000
7402.0000
7403.0000
7404.0000
7405.0000
7406.0000
7407.0000
7408.0000
7409.0000
7410.0000
7411.0000
7412.0000
7413.0000
7414.0000
7415.0000
7416.0000
7417.0000
7418.0000
7419.0000
7420.0000
7421.0000
7422.0000
7423.0000
7424.0000
7425.0000
7426.0000
7427.0000
7428.0000
7429.0000
7430.0000
7431.0000
7432.0000
7433.0000
7434.0000
7435.0000
7436.0000
7437.0000
7438.0000
7439.0000
7440.0000
7441.0000
7442.0000
7443.0000
7444.0000
7448.0000
7449.0000
7450.0000
7451.0000
7452.0000
7453.0000
7454.0000
7455.0000
7456.0000
7457.0000
7458.0000
7459.0000
7460.0000
7461.0000
7462.0000
7466.0000
7467.0000
7471.0000
7472.0000
7473.0000
7474.0000
7475.0000
7476.0000
7477.0000
7478.0000
7479.0000
7480.0000
7481.0000
7482.0000
7483.0000
7484.0000
7485.0000
7486.0000
7487.0000
7488.0000
7489.0000
7490.0000
7491.0000
7492.0000
